Animation_1080P-01b3_crf_10_ss_00_t_20.0.mp4, -1, -1, 6.956189999999999
Animation_1080P-05f8_crf_10_ss_00_t_20.0.mp4, -1, -1, 7.57977
Animation_1080P-0c4f_crf_10_ss_00_t_20.0.mp4, -1, -1, 7.67627
Animation_1080P-0cdf_crf_10_ss_00_t_20.0.mp4, -1, -1, 8.431
Animation_1080P-18f5_crf_10_ss_00_t_20.0.mp4, -1, -1, 8.21572
Animation_1080P-209f_crf_10_ss_00_t_20.0.mp4, -1, -1, 8.29243
Animation_1080P-21dd_crf_10_ss_00_t_20.0.mp4, -1, -1, 7.30757
Animation_1080P-2fbe_crf_10_ss_00_t_20.0.mp4, -1, -1, 6.2063999999999995
Animation_1080P-2fff_crf_10_ss_00_t_20.0.mp4, -1, -1, 8.73785
Animation_1080P-3d67_crf_10_ss_00_t_20.0.mp4, -1, -1, 4.80087
Animation_1080P-3dbf_crf_10_ss_00_t_20.0.mp4, -1, -1, 8.92344
Animation_1080P-3e01_crf_10_ss_00_t_20.0.mp4, -1, -1, 7.936100000000001
Animation_1080P-4214_crf_10_ss_00_t_20.0.mp4, -1, -1, 6.61223
Animation_1080P-4be3_crf_10_ss_00_t_20.0.mp4, -1, -1, 6.74833
Animation_1080P-4ea8_crf_10_ss_00_t_20.0.mp4, -1, -1, 8.12416
Animation_1080P-5083_crf_10_ss_00_t_20.0.mp4, -1, -1, 5.973800000000001
Animation_1080P-58d3_crf_10_ss_00_t_20.0.mp4, -1, -1, 8.42606
Animation_1080P-5dd8_crf_10_ss_00_t_20.0.mp4, -1, -1, 7.720820000000001
Animation_1080P-646f_crf_10_ss_00_t_20.0.mp4, -1, -1, 6.28064
Animation_1080P-66ba_crf_10_ss_00_t_20.0.mp4, -1, -1, 5.55066
Animation_1080P-6a33_crf_10_ss_00_t_20.0.mp4, -1, -1, 3.00437
Animation_1080P-6ec0_crf_10_ss_00_t_20.0.mp4, -1, -1, 8.13159
Animation_2160P-41dc_crf_10_ss_00_t_20.0.mp4, -1, -1, 6.61718
Animation_2160P-6f3b_crf_10_ss_00_t_20.0.mp4, -1, -1, 8.02766
Animation_360P-08c9_crf_10_ss_00_t_20.0.mp4, -1, -1, 6.96361
Animation_360P-188f_crf_10_ss_00_t_20.0.mp4, -1, -1, 7.087339999999999
Animation_360P-24d4_crf_10_ss_00_t_20.0.mp4, -1, -1, 6.42664
Animation_360P-3e40_crf_10_ss_00_t_20.0.mp4, -1, -1, 3.7491999999999996
Animation_360P-3e52_crf_10_ss_00_t_20.0.mp4, -1, -1, 6.96114
Animation_360P-47cc_crf_10_ss_00_t_20.0.mp4, -1, -1, 6.04803
Animation_360P-4b4c_crf_10_ss_00_t_20.0.mp4, -1, -1, 5.35764
Animation_360P-4edc_crf_10_ss_00_t_20.0.mp4, -1, -1, 7.03785
Animation_360P-5712_crf_10_ss_00_t_20.0.mp4, -1, -1, 6.71616
Animation_360P-5de0_crf_10_ss_00_t_20.0.mp4, -1, -1, 6.411790000000001
Animation_360P-631c_crf_10_ss_00_t_20.0.mp4, -1, -1, 3.45968
Animation_360P-69e0_crf_10_ss_00_t_20.0.mp4, -1, -1, 6.29549
Animation_360P-7856_crf_10_ss_00_t_20.0.mp4, -1, -1, 4.7340599999999995
Animation_360P-794f_crf_10_ss_00_t_20.0.mp4, -1, -1, 6.246
Animation_480P-046c_crf_10_ss_00_t_20.0.mp4, -1, -1, 5.7214
Animation_480P-073c_crf_10_ss_00_t_20.0.mp4, -1, -1, 6.35735
Animation_480P-087e_crf_10_ss_00_t_20.0.mp4, -1, -1, 6.6493400000000005
Animation_480P-08a5_crf_10_ss_00_t_20.0.mp4, -1, -1, 6.389519999999999
Animation_480P-0d04_crf_10_ss_00_t_20.0.mp4, -1, -1, 5.624890000000001
Animation_480P-1da7_crf_10_ss_00_t_20.0.mp4, -1, -1, 5.80306
Animation_480P-35ee_crf_10_ss_00_t_20.0.mp4, -1, -1, 6.06783
Animation_480P-3fdf_crf_10_ss_00_t_20.0.mp4, -1, -1, 6.50087
Animation_480P-4b86_crf_10_ss_00_t_20.0.mp4, -1, -1, 6.57511
Animation_480P-4e36_crf_10_ss_00_t_20.0.mp4, -1, -1, 6.1
Animation_480P-52af_crf_10_ss_00_t_20.0.mp4, -1, -1, 6.973510000000001
Animation_480P-66c0_crf_10_ss_00_t_20.0.mp4, -1, -1, 6.4711799999999995
Animation_480P-6e23_crf_10_ss_00_t_20.0.mp4, -1, -1, 7.1591000000000005
Animation_480P-6ef6_crf_10_ss_00_t_20.0.mp4, -1, -1, 6.85226
Animation_480P-6ff4_crf_10_ss_00_t_20.0.mp4, -1, -1, 6.06783
Animation_480P-70d4_crf_10_ss_00_t_20.0.mp4, -1, -1, 7.44862
Animation_480P-791b_crf_10_ss_00_t_20.0.mp4, -1, -1, 6.057930000000001
Animation_480P-7a31_crf_10_ss_00_t_20.0.mp4, -1, -1, 6.5553099999999995
Animation_480P-7ef2_crf_10_ss_00_t_20.0.mp4, -1, -1, 5.7560400000000005
Animation_720P-0116_crf_10_ss_00_t_20.0.mp4, -1, -1, 7.95837
Animation_720P-01b3_crf_10_ss_00_t_20.0.mp4, -1, -1, 6.92897
Animation_720P-06a6_crf_10_ss_00_t_20.0.mp4, -1, -1, 7.68122
Animation_720P-0acc_crf_10_ss_00_t_20.0.mp4, -1, -1, 7.517899999999999
Animation_720P-13b7_crf_10_ss_00_t_20.0.mp4, -1, -1, 8.611640000000001
Animation_720P-1a6d_crf_10_ss_00_t_20.0.mp4, -1, -1, 8.52504
Animation_720P-2525_crf_10_ss_00_t_20.0.mp4, -1, -1, 7.15662
Animation_720P-2abf_crf_10_ss_00_t_20.0.mp4, -1, -1, 6.87205
Animation_720P-3adc_crf_10_ss_00_t_20.0.mp4, -1, -1, 6.77307
Animation_720P-412a_crf_10_ss_00_t_20.0.mp4, -1, -1, 8.4409
Animation_720P-41cf_crf_10_ss_00_t_20.0.mp4, -1, -1, 7.4832600000000005
Animation_720P-41d6_crf_10_ss_00_t_20.0.mp4, -1, -1, 8.19098
Animation_720P-4268_crf_10_ss_00_t_20.0.mp4, -1, -1, 7.44367
Animation_720P-431c_crf_10_ss_00_t_20.0.mp4, -1, -1, 8.80466
Animation_720P-57d9_crf_10_ss_00_t_20.0.mp4, -1, -1, 6.64192
Animation_720P-620f_crf_10_ss_00_t_20.0.mp4, -1, -1, 9.11645
Animation_720P-6372_crf_10_ss_00_t_20.0.mp4, -1, -1, 8.869
Animation_720P-79ee_crf_10_ss_00_t_20.0.mp4, -1, -1, 3.3631699999999998
Animation_720P-7b29_crf_10_ss_00_t_20.0.mp4, -1, -1, 7.4832600000000005
Animation_720P-7e7d_crf_10_ss_00_t_20.0.mp4, -1, -1, 6.80771
Animation_720P-7ff2_crf_10_ss_00_t_20.0.mp4, -1, -1, 8.13159
CoverSong_1080P-0188_crf_10_ss_00_t_20.0.mp4, -1, -1, 3.82344
CoverSong_1080P-033d_crf_10_ss_00_t_20.0.mp4, -1, -1, 8.89622
CoverSong_1080P-0a86_crf_10_ss_00_t_20.0.mp4, -1, -1, 8.38894
CoverSong_1080P-0cdc_crf_10_ss_00_t_20.0.mp4, -1, -1, 4.70932
CoverSong_1080P-0f33_crf_10_ss_00_t_20.0.mp4, -1, -1, 5.89709
CoverSong_1080P-0f3a_crf_10_ss_00_t_20.0.mp4, -1, -1, 8.71063
CoverSong_1080P-1963_crf_10_ss_00_t_20.0.mp4, -1, -1, 7.53275
CoverSong_1080P-1b08_crf_10_ss_00_t_20.0.mp4, -1, -1, 7.3595299999999995
CoverSong_1080P-1b0c_crf_10_ss_00_t_20.0.mp4, -1, -1, 7.2382800000000005
CoverSong_1080P-2207_crf_10_ss_00_t_20.0.mp4, -1, -1, 7.02052
CoverSong_1080P-237f_crf_10_ss_00_t_20.0.mp4, -1, -1, 7.55997
CoverSong_1080P-3409_crf_10_ss_00_t_20.0.mp4, -1, -1, 8.64381
CoverSong_1080P-3499_crf_10_ss_00_t_20.0.mp4, -1, -1, 8.30233
CoverSong_1080P-3aac_crf_10_ss_00_t_20.0.mp4, -1, -1, 6.29301
CoverSong_1080P-3df8_crf_10_ss_00_t_20.0.mp4, -1, -1, 7.39665
CoverSong_1080P-4bad_crf_10_ss_00_t_20.0.mp4, -1, -1, 8.562149999999999
CoverSong_1080P-5430_crf_10_ss_00_t_20.0.mp4, -1, -1, 7.74803
CoverSong_1080P-5456_crf_10_ss_00_t_20.0.mp4, -1, -1, 7.171469999999999
CoverSong_1080P-5cae_crf_10_ss_00_t_20.0.mp4, -1, -1, 5.86739
CoverSong_1080P-5e69_crf_10_ss_00_t_20.0.mp4, -1, -1, 6.06783
CoverSong_1080P-5f92_crf_10_ss_00_t_20.0.mp4, -1, -1, 7.931150000000001
CoverSong_1080P-6f26_crf_10_ss_00_t_20.0.mp4, -1, -1, 8.53741
CoverSong_360P-0a9d_crf_10_ss_00_t_20.0.mp4, -1, -1, 4.20699
CoverSong_360P-0aa2_crf_10_ss_00_t_20.0.mp4, -1, -1, 4.14017
CoverSong_360P-11f9_crf_10_ss_00_t_20.0.mp4, -1, -1, 4.83057
CoverSong_360P-13d2_crf_10_ss_00_t_20.0.mp4, -1, -1, 4.30597
CoverSong_360P-14b9_crf_10_ss_00_t_20.0.mp4, -1, -1, 4.44207
CoverSong_360P-1b2b_crf_10_ss_00_t_20.0.mp4, -1, -1, 6.362299999999999
CoverSong_360P-2146_crf_10_ss_00_t_20.0.mp4, -1, -1, 3.55124
CoverSong_360P-2b4d_crf_10_ss_00_t_20.0.mp4, -1, -1, 4.84541
CoverSong_360P-3218_crf_10_ss_00_t_20.0.mp4, -1, -1, 3.93231
CoverSong_360P-4add_crf_10_ss_00_t_20.0.mp4, -1, -1, 4.99141
CoverSong_360P-53a6_crf_10_ss_00_t_20.0.mp4, -1, -1, 5.93173
CoverSong_360P-59d1_crf_10_ss_00_t_20.0.mp4, -1, -1, 4.9246
CoverSong_360P-5a24_crf_10_ss_00_t_20.0.mp4, -1, -1, 4.8280899999999995
CoverSong_360P-5d20_crf_10_ss_00_t_20.0.mp4, -1, -1, 5.209169999999999
CoverSong_360P-67ec_crf_10_ss_00_t_20.0.mp4, -1, -1, 3.8754
CoverSong_360P-69ef_crf_10_ss_00_t_20.0.mp4, -1, -1, 5.709020000000001
CoverSong_360P-6d6a_crf_10_ss_00_t_20.0.mp4, -1, -1, 6.02576
CoverSong_360P-6da7_crf_10_ss_00_t_20.0.mp4, -1, -1, 4.76376
CoverSong_480P-0170_crf_10_ss_00_t_20.0.mp4, -1, -1, 5.6422099999999995
CoverSong_480P-1019_crf_10_ss_00_t_20.0.mp4, -1, -1, 7.366960000000001
CoverSong_480P-1109_crf_10_ss_00_t_20.0.mp4, -1, -1, 4.91965
CoverSong_480P-2142_crf_10_ss_00_t_20.0.mp4, -1, -1, 5.96885
CoverSong_480P-2207_crf_10_ss_00_t_20.0.mp4, -1, -1, 5.1869
CoverSong_480P-2d2c_crf_10_ss_00_t_20.0.mp4, -1, -1, 7.4214
CoverSong_480P-3076_crf_10_ss_00_t_20.0.mp4, -1, -1, 2.15808
CoverSong_480P-35e1_crf_10_ss_00_t_20.0.mp4, -1, -1, 6.85473
CoverSong_480P-3e4b_crf_10_ss_00_t_20.0.mp4, -1, -1, 5.04585
CoverSong_480P-3e92_crf_10_ss_00_t_20.0.mp4, -1, -1, 8.40626
CoverSong_480P-3f3b_crf_10_ss_00_t_20.0.mp4, -1, -1, 5.4170300000000005
CoverSong_480P-41a5_crf_10_ss_00_t_20.0.mp4, -1, -1, 6.01834
CoverSong_480P-4d34_crf_10_ss_00_t_20.0.mp4, -1, -1, 4.55095
CoverSong_480P-53f4_crf_10_ss_00_t_20.0.mp4, -1, -1, 5.76841
CoverSong_480P-59f2_crf_10_ss_00_t_20.0.mp4, -1, -1, 6.38457
CoverSong_480P-5b62_crf_10_ss_00_t_20.0.mp4, -1, -1, 5.48879
CoverSong_480P-60a6_crf_10_ss_00_t_20.0.mp4, -1, -1, 3.78879
CoverSong_480P-64d0_crf_10_ss_00_t_20.0.mp4, -1, -1, 7.6193599999999995
CoverSong_480P-6c3e_crf_10_ss_00_t_20.0.mp4, -1, -1, 4.1179
CoverSong_480P-6c50_crf_10_ss_00_t_20.0.mp4, -1, -1, 4.67962
CoverSong_480P-7f6d_crf_10_ss_00_t_20.0.mp4, -1, -1, 5.469
CoverSong_720P-014c_crf_10_ss_00_t_20.0.mp4, -1, -1, 4.40495
CoverSong_720P-0239_crf_10_ss_00_t_20.0.mp4, -1, -1, 4.16245
CoverSong_720P-05d6_crf_10_ss_00_t_20.0.mp4, -1, -1, 7.191269999999999
CoverSong_720P-10f1_crf_10_ss_00_t_20.0.mp4, -1, -1, 4.86769
CoverSong_720P-1393_crf_10_ss_00_t_20.0.mp4, -1, -1, 7.970739999999999
CoverSong_720P-2d05_crf_10_ss_00_t_20.0.mp4, -1, -1, 5.904509999999999
CoverSong_720P-3dca_crf_10_ss_00_t_20.0.mp4, -1, -1, 6.36972
CoverSong_720P-4006_crf_10_ss_00_t_20.0.mp4, -1, -1, 6.37467
CoverSong_720P-449f_crf_10_ss_00_t_20.0.mp4, -1, -1, 6.577579999999999
CoverSong_720P-5689_crf_10_ss_00_t_20.0.mp4, -1, -1, 3.66012
CoverSong_720P-5ba2_crf_10_ss_00_t_20.0.mp4, -1, -1, 4.93945
CoverSong_720P-60d3_crf_10_ss_00_t_20.0.mp4, -1, -1, 5.32795
CoverSong_720P-6626_crf_10_ss_00_t_20.0.mp4, -1, -1, 6.13217
CoverSong_720P-6b8c_crf_10_ss_00_t_20.0.mp4, -1, -1, 5.32052
CoverSong_720P-6d6a_crf_10_ss_00_t_20.0.mp4, -1, -1, 6.63697
CoverSong_720P-6d81_crf_10_ss_00_t_20.0.mp4, -1, -1, 5.709020000000001
CoverSong_720P-7360_crf_10_ss_00_t_20.0.mp4, -1, -1, 4.85036
CoverSong_720P-7539_crf_10_ss_00_t_20.0.mp4, -1, -1, 3.73683
Gaming_1080P-0ce6_crf_10_ss_00_t_20.0.mp4, -1, -1, 7.74556
Gaming_1080P-0ef8_crf_10_ss_00_t_20.0.mp4, -1, -1, 7.28282
Gaming_1080P-12d4_crf_10_ss_00_t_20.0.mp4, -1, -1, 9.04716
Gaming_1080P-13e3_crf_10_ss_00_t_20.0.mp4, -1, -1, 8.89869
Gaming_1080P-1704_crf_10_ss_00_t_20.0.mp4, -1, -1, 8.554730000000001
Gaming_1080P-173a_crf_10_ss_00_t_20.0.mp4, -1, -1, 5.38239
Gaming_1080P-190d_crf_10_ss_00_t_20.0.mp4, -1, -1, 7.57234
Gaming_1080P-2221_crf_10_ss_00_t_20.0.mp4, -1, -1, 8.41616
Gaming_1080P-223e_crf_10_ss_00_t_20.0.mp4, -1, -1, 8.52504
Gaming_1080P-26dc_crf_10_ss_00_t_20.0.mp4, -1, -1, 6.68894
Gaming_1080P-277c_crf_10_ss_00_t_20.0.mp4, -1, -1, 7.537700000000001
Gaming_1080P-2927_crf_10_ss_00_t_20.0.mp4, -1, -1, 8.91601
Gaming_1080P-29b1_crf_10_ss_00_t_20.0.mp4, -1, -1, 7.4016
Gaming_1080P-2e97_crf_10_ss_00_t_20.0.mp4, -1, -1, 8.792290000000001
Gaming_1080P-35fa_crf_10_ss_00_t_20.0.mp4, -1, -1, 5.4368300000000005
Gaming_1080P-3a9d_crf_10_ss_00_t_20.0.mp4, -1, -1, 7.5080100000000005
Gaming_1080P-3bf7_crf_10_ss_00_t_20.0.mp4, -1, -1, 5.956479999999999
Gaming_1080P-3d58_crf_10_ss_00_t_20.0.mp4, -1, -1, 7.2853
Gaming_1080P-44c4_crf_10_ss_00_t_20.0.mp4, -1, -1, 7.42635
Gaming_1080P-45af_crf_10_ss_00_t_20.0.mp4, -1, -1, 8.74774
Gaming_1080P-45fc_crf_10_ss_00_t_20.0.mp4, -1, -1, 7.07001
Gaming_1080P-4865_crf_10_ss_00_t_20.0.mp4, -1, -1, 8.703199999999999
Gaming_1080P-51fc_crf_10_ss_00_t_20.0.mp4, -1, -1, 8.75764
Gaming_1080P-564e_crf_10_ss_00_t_20.0.mp4, -1, -1, 8.62154
Gaming_1080P-57ca_crf_10_ss_00_t_20.0.mp4, -1, -1, 8.836829999999999
Gaming_1080P-58ba_crf_10_ss_00_t_20.0.mp4, -1, -1, 7.70597
Gaming_1080P-5ae7_crf_10_ss_00_t_20.0.mp4, -1, -1, 6.16186
Gaming_1080P-6530_crf_10_ss_00_t_20.0.mp4, -1, -1, 7.62678
Gaming_1080P-6578_crf_10_ss_00_t_20.0.mp4, -1, -1, 8.81208
Gaming_1080P-66d2_crf_10_ss_00_t_20.0.mp4, -1, -1, 8.17613
Gaming_1080P-698a_crf_10_ss_00_t_20.0.mp4, -1, -1, 7.188790000000001
Gaming_1080P-6d53_crf_10_ss_00_t_20.0.mp4, -1, -1, 7.381799999999999
Gaming_1080P-6db2_crf_10_ss_00_t_20.0.mp4, -1, -1, 6.52562
Gaming_1080P-6dc6_crf_10_ss_00_t_20.0.mp4, -1, -1, 9.314409999999999
Gaming_1080P-6e45_crf_10_ss_00_t_20.0.mp4, -1, -1, 4.1550199999999995
Gaming_1080P-71a5_crf_10_ss_00_t_20.0.mp4, -1, -1, 9.01747
Gaming_1080P-72c8_crf_10_ss_00_t_20.0.mp4, -1, -1, 8.73042
Gaming_1080P-777b_crf_10_ss_00_t_20.0.mp4, -1, -1, 7.9484699999999995
Gaming_1080P-7a1e_crf_10_ss_00_t_20.0.mp4, -1, -1, 7.884130000000001
Gaming_2160P-2436_crf_10_ss_00_t_20.0.mp4, -1, -1, 8.9952
Gaming_2160P-28de_crf_10_ss_00_t_20.0.mp4, -1, -1, 8.688360000000001
Gaming_2160P-2b92_crf_10_ss_00_t_20.0.mp4, -1, -1, 6.9141200000000005
Gaming_2160P-2cb1_crf_10_ss_00_t_20.0.mp4, -1, -1, 9.014990000000001
Gaming_2160P-2dc4_crf_10_ss_00_t_20.0.mp4, -1, -1, 8.77249
Gaming_2160P-3002_crf_10_ss_00_t_20.0.mp4, -1, -1, 8.658660000000001
Gaming_2160P-31f6_crf_10_ss_00_t_20.0.mp4, -1, -1, 8.59432
Gaming_2160P-348d_crf_10_ss_00_t_20.0.mp4, -1, -1, 8.920960000000001
Gaming_2160P-34a1_crf_10_ss_00_t_20.0.mp4, -1, -1, 8.8492
Gaming_2160P-387f_crf_10_ss_00_t_20.0.mp4, -1, -1, 9.09418
Gaming_2160P-3a25_crf_10_ss_00_t_20.0.mp4, -1, -1, 9.06696
Gaming_2160P-3aec_crf_10_ss_00_t_20.0.mp4, -1, -1, 9.42329
Gaming_2160P-3ce4_crf_10_ss_00_t_20.0.mp4, -1, -1, 9.13377
Gaming_2160P-4139_crf_10_ss_00_t_20.0.mp4, -1, -1, 7.63421
Gaming_2160P-416f_crf_10_ss_00_t_20.0.mp4, -1, -1, 8.64629
Gaming_2160P-4258_crf_10_ss_00_t_20.0.mp4, -1, -1, 7.99054
Gaming_2160P-5c33_crf_10_ss_00_t_20.0.mp4, -1, -1, 4.93945
Gaming_2160P-5c53_crf_10_ss_00_t_20.0.mp4, -1, -1, 8.589369999999999
Gaming_2160P-673d_crf_10_ss_00_t_20.0.mp4, -1, -1, 8.23304
Gaming_2160P-67b0_crf_10_ss_00_t_20.0.mp4, -1, -1, 8.32955
Gaming_2160P-6bb6_crf_10_ss_00_t_20.0.mp4, -1, -1, 9.15357
Gaming_2160P-6cd8_crf_10_ss_00_t_20.0.mp4, -1, -1, 8.591849999999999
Gaming_2160P-7e80_crf_10_ss_00_t_20.0.mp4, -1, -1, 8.09199
Gaming_2160P-7ff0_crf_10_ss_00_t_20.0.mp4, -1, -1, 8.41368
Gaming_360P-043e_crf_10_ss_00_t_20.0.mp4, -1, -1, 4.31587
Gaming_360P-0b98_crf_10_ss_00_t_20.0.mp4, -1, -1, 5.69665
Gaming_360P-187a_crf_10_ss_00_t_20.0.mp4, -1, -1, 5.67933
Gaming_360P-215f_crf_10_ss_00_t_20.0.mp4, -1, -1, 5.02606
Gaming_360P-2164_crf_10_ss_00_t_20.0.mp4, -1, -1, 5.956479999999999
Gaming_360P-21d2_crf_10_ss_00_t_20.0.mp4, -1, -1, 3.79622
Gaming_360P-2330_crf_10_ss_00_t_20.0.mp4, -1, -1, 4.377730000000001
Gaming_360P-279f_crf_10_ss_00_t_20.0.mp4, -1, -1, 4.95677
Gaming_360P-2f99_crf_10_ss_00_t_20.0.mp4, -1, -1, 6.04556
Gaming_360P-3794_crf_10_ss_00_t_20.0.mp4, -1, -1, 1.57656
Gaming_360P-3eb6_crf_10_ss_00_t_20.0.mp4, -1, -1, 5.80553
Gaming_360P-48b0_crf_10_ss_00_t_20.0.mp4, -1, -1, 6.406840000000001
Gaming_360P-4f09_crf_10_ss_00_t_20.0.mp4, -1, -1, 6.602329999999999
Gaming_360P-56fe_crf_10_ss_00_t_20.0.mp4, -1, -1, 3.9620100000000003
Gaming_360P-586d_crf_10_ss_00_t_20.0.mp4, -1, -1, 5.414560000000001
Gaming_360P-5e0f_crf_10_ss_00_t_20.0.mp4, -1, -1, 5.37991
Gaming_360P-6207_crf_10_ss_00_t_20.0.mp4, -1, -1, 6.21383
Gaming_360P-63e6_crf_10_ss_00_t_20.0.mp4, -1, -1, 4.44949
Gaming_360P-73c7_crf_10_ss_00_t_20.0.mp4, -1, -1, 5.96143
Gaming_360P-7975_crf_10_ss_00_t_20.0.mp4, -1, -1, 4.75881
Gaming_360P-7acb_crf_10_ss_00_t_20.0.mp4, -1, -1, 5.496220000000001
Gaming_480P-0109_crf_10_ss_00_t_20.0.mp4, -1, -1, 3.95459
Gaming_480P-062e_crf_10_ss_00_t_20.0.mp4, -1, -1, 6.42664
Gaming_480P-09ab_crf_10_ss_00_t_20.0.mp4, -1, -1, 7.31747
Gaming_480P-0a03_crf_10_ss_00_t_20.0.mp4, -1, -1, 4.54847
Gaming_480P-0d23_crf_10_ss_00_t_20.0.mp4, -1, -1, 6.50335
Gaming_480P-0dbc_crf_10_ss_00_t_20.0.mp4, -1, -1, 5.28341
Gaming_480P-14fc_crf_10_ss_00_t_20.0.mp4, -1, -1, 7.3842799999999995
Gaming_480P-1542_crf_10_ss_00_t_20.0.mp4, -1, -1, 4.795920000000001
Gaming_480P-20ca_crf_10_ss_00_t_20.0.mp4, -1, -1, 5.080489999999999
Gaming_480P-3a44_crf_10_ss_00_t_20.0.mp4, -1, -1, 5.45662
Gaming_480P-445b_crf_10_ss_00_t_20.0.mp4, -1, -1, 7.11703
Gaming_480P-4560_crf_10_ss_00_t_20.0.mp4, -1, -1, 7.5871900000000005
Gaming_480P-5a5a_crf_10_ss_00_t_20.0.mp4, -1, -1, 6.53304
Gaming_480P-61ee_crf_10_ss_00_t_20.0.mp4, -1, -1, 6.91164
Gaming_480P-626a_crf_10_ss_00_t_20.0.mp4, -1, -1, 7.2951999999999995
Gaming_480P-6491_crf_10_ss_00_t_20.0.mp4, -1, -1, 5.38239
Gaming_480P-6548_crf_10_ss_00_t_20.0.mp4, -1, -1, 5.031
Gaming_480P-6a5a_crf_10_ss_00_t_20.0.mp4, -1, -1, 6.5083
Gaming_480P-6c92_crf_10_ss_00_t_20.0.mp4, -1, -1, 3.73683
Gaming_480P-6cdc_crf_10_ss_00_t_20.0.mp4, -1, -1, 3.92737
Gaming_480P-6d1e_crf_10_ss_00_t_20.0.mp4, -1, -1, 4.54352
Gaming_480P-6f4b_crf_10_ss_00_t_20.0.mp4, -1, -1, 7.00815
Gaming_480P-75f7_crf_10_ss_00_t_20.0.mp4, -1, -1, 4.85036
Gaming_480P-7893_crf_10_ss_00_t_20.0.mp4, -1, -1, 4.75881
Gaming_480P-7a08_crf_10_ss_00_t_20.0.mp4, -1, -1, 7.31004
Gaming_480P-7ccb_crf_10_ss_00_t_20.0.mp4, -1, -1, 6.78792
Gaming_480P-7e76_crf_10_ss_00_t_20.0.mp4, -1, -1, 3.8580799999999997
Gaming_720P-0fba_crf_10_ss_00_t_20.0.mp4, -1, -1, 8.04498
Gaming_720P-0fdb_crf_10_ss_00_t_20.0.mp4, -1, -1, 6.0010200000000005
Gaming_720P-1035_crf_10_ss_00_t_20.0.mp4, -1, -1, 7.0403199999999995
Gaming_720P-103a_crf_10_ss_00_t_20.0.mp4, -1, -1, 7.96332
Gaming_720P-1cbb_crf_10_ss_00_t_20.0.mp4, -1, -1, 7.84949
Gaming_720P-221d_crf_10_ss_00_t_20.0.mp4, -1, -1, 5.973800000000001
Gaming_720P-25aa_crf_10_ss_00_t_20.0.mp4, -1, -1, 5.231440000000001
Gaming_720P-2dbe_crf_10_ss_00_t_20.0.mp4, -1, -1, 8.63392
Gaming_720P-312f_crf_10_ss_00_t_20.0.mp4, -1, -1, 7.39418
Gaming_720P-324d_crf_10_ss_00_t_20.0.mp4, -1, -1, 5.709020000000001
Gaming_720P-3524_crf_10_ss_00_t_20.0.mp4, -1, -1, 5.62242
Gaming_720P-40b2_crf_10_ss_00_t_20.0.mp4, -1, -1, 7.46594
Gaming_720P-469a_crf_10_ss_00_t_20.0.mp4, -1, -1, 8.13159
Gaming_720P-4813_crf_10_ss_00_t_20.0.mp4, -1, -1, 8.54236
Gaming_720P-493e_crf_10_ss_00_t_20.0.mp4, -1, -1, 6.75328
Gaming_720P-4cda_crf_10_ss_00_t_20.0.mp4, -1, -1, 6.88443
Gaming_720P-5973_crf_10_ss_00_t_20.0.mp4, -1, -1, 7.99054
Gaming_720P-5ba2_crf_10_ss_00_t_20.0.mp4, -1, -1, 8.52009
Gaming_720P-6403_crf_10_ss_00_t_20.0.mp4, -1, -1, 7.88166
Gaming_720P-64b0_crf_10_ss_00_t_20.0.mp4, -1, -1, 8.80466
Gaming_720P-6625_crf_10_ss_00_t_20.0.mp4, -1, -1, 7.36201
Gaming_720P-6658_crf_10_ss_00_t_20.0.mp4, -1, -1, 7.11951
Gaming_720P-6a45_crf_10_ss_00_t_20.0.mp4, -1, -1, 7.7430900000000005
Gaming_720P-7afd_crf_10_ss_00_t_20.0.mp4, -1, -1, 4.07831
HDR_1080P-0d31_crf_10_ss_00_t_20.0.mp4, -1, -1, 8.74774
HDR_1080P-13eb_crf_10_ss_00_t_20.0.mp4, -1, -1, 7.2333300000000005
HDR_1080P-1be2_crf_10_ss_00_t_20.0.mp4, -1, -1, 7.22096
HDR_1080P-1e5b_crf_10_ss_00_t_20.0.mp4, -1, -1, 1.0
HDR_1080P-206d_crf_10_ss_00_t_20.0.mp4, -1, -1, 7.30757
HDR_1080P-282a_crf_10_ss_00_t_20.0.mp4, -1, -1, 7.91878
HDR_1080P-2d32_crf_10_ss_00_t_20.0.mp4, -1, -1, 9.06943
HDR_1080P-3181_crf_10_ss_00_t_20.0.mp4, -1, -1, 7.27293
HDR_1080P-33e3_crf_10_ss_00_t_20.0.mp4, -1, -1, 8.938279999999999
HDR_1080P-3521_crf_10_ss_00_t_20.0.mp4, -1, -1, 7.564920000000001
HDR_1080P-35f4_crf_10_ss_00_t_20.0.mp4, -1, -1, 8.22067
HDR_1080P-3749_crf_10_ss_00_t_20.0.mp4, -1, -1, 8.02271
HDR_1080P-3a4a_crf_10_ss_00_t_20.0.mp4, -1, -1, 7.3892299999999995
HDR_1080P-46a4_crf_10_ss_00_t_20.0.mp4, -1, -1, 6.7903899999999995
HDR_1080P-49d6_crf_10_ss_00_t_20.0.mp4, -1, -1, 9.28224
HDR_1080P-4f4a_crf_10_ss_00_t_20.0.mp4, -1, -1, 6.61223
HDR_1080P-548b_crf_10_ss_00_t_20.0.mp4, -1, -1, 9.3738
HDR_1080P-549e_crf_10_ss_00_t_20.0.mp4, -1, -1, 7.98311
HDR_1080P-55c4_crf_10_ss_00_t_20.0.mp4, -1, -1, 8.08705
HDR_1080P-601b_crf_10_ss_00_t_20.0.mp4, -1, -1, 8.611640000000001
HDR_1080P-687e_crf_10_ss_00_t_20.0.mp4, -1, -1, 4.43217
HDR_1080P-68c8_crf_10_ss_00_t_20.0.mp4, -1, -1, 7.33974
HDR_1080P-69de_crf_10_ss_00_t_20.0.mp4, -1, -1, 8.27263
HDR_1080P-6eb7_crf_10_ss_00_t_20.0.mp4, -1, -1, 7.93857
HDR_1080P-7825_crf_10_ss_00_t_20.0.mp4, -1, -1, 9.09665
HDR_2160P-06ae_crf_10_ss_00_t_20.0.mp4, -1, -1, 8.99767
HDR_2160P-0e7a_crf_10_ss_00_t_20.0.mp4, -1, -1, 3.67249
HDR_2160P-15e2_crf_10_ss_00_t_20.0.mp4, -1, -1, 8.29738
HDR_2160P-1743_crf_10_ss_00_t_20.0.mp4, -1, -1, 8.45328
HDR_2160P-1e9e_crf_10_ss_00_t_20.0.mp4, -1, -1, 8.705680000000001
HDR_2160P-2a72_crf_10_ss_00_t_20.0.mp4, -1, -1, 8.10437
HDR_2160P-351f_crf_10_ss_00_t_20.0.mp4, -1, -1, 8.62402
HDR_2160P-3663_crf_10_ss_00_t_20.0.mp4, -1, -1, 8.666080000000001
HDR_2160P-382f_crf_10_ss_00_t_20.0.mp4, -1, -1, 8.589369999999999
HDR_2160P-40ab_crf_10_ss_00_t_20.0.mp4, -1, -1, 8.08457
HDR_2160P-4348_crf_10_ss_00_t_20.0.mp4, -1, -1, 8.97787
HDR_2160P-4581_crf_10_ss_00_t_20.0.mp4, -1, -1, 7.77278
HDR_2160P-4dcd_crf_10_ss_00_t_20.0.mp4, -1, -1, 7.2382800000000005
HDR_2160P-51ea_crf_10_ss_00_t_20.0.mp4, -1, -1, 8.08705
HDR_2160P-5275_crf_10_ss_00_t_20.0.mp4, -1, -1, 8.3345
HDR_2160P-5926_crf_10_ss_00_t_20.0.mp4, -1, -1, 8.77991
HDR_2160P-5c86_crf_10_ss_00_t_20.0.mp4, -1, -1, 8.78486
HDR_2160P-5cdf_crf_10_ss_00_t_20.0.mp4, -1, -1, 8.55721
HDR_2160P-5e25_crf_10_ss_00_t_20.0.mp4, -1, -1, 8.34192
HDR_2160P-664d_crf_10_ss_00_t_20.0.mp4, -1, -1, 7.21354
HDR_2160P-6c6e_crf_10_ss_00_t_20.0.mp4, -1, -1, 9.22533
HDR_2160P-6ed1_crf_10_ss_00_t_20.0.mp4, -1, -1, 7.14178
HDR_2160P-6eeb_crf_10_ss_00_t_20.0.mp4, -1, -1, 8.819510000000001
HDR_2160P-6fa4_crf_10_ss_00_t_20.0.mp4, -1, -1, 8.48297
HDR_2160P-6fab_crf_10_ss_00_t_20.0.mp4, -1, -1, 6.446429999999999
HDR_2160P-70ca_crf_10_ss_00_t_20.0.mp4, -1, -1, 7.58967
HowTo_1080P-0267_crf_10_ss_00_t_20.0.mp4, -1, -1, 8.40378
HowTo_1080P-03fd_crf_10_ss_00_t_20.0.mp4, -1, -1, 6.62955
HowTo_1080P-13aa_crf_10_ss_00_t_20.0.mp4, -1, -1, 8.65619
HowTo_1080P-1f3b_crf_10_ss_00_t_20.0.mp4, -1, -1, 8.28253
HowTo_1080P-36a9_crf_10_ss_00_t_20.0.mp4, -1, -1, 8.88137
HowTo_1080P-4d7b_crf_10_ss_00_t_20.0.mp4, -1, -1, 8.31718
HowTo_1080P-52bb_crf_10_ss_00_t_20.0.mp4, -1, -1, 8.49782
HowTo_1080P-55d1_crf_10_ss_00_t_20.0.mp4, -1, -1, 8.07715
HowTo_1080P-63e4_crf_10_ss_00_t_20.0.mp4, -1, -1, 7.696070000000001
HowTo_1080P-63ec_crf_10_ss_00_t_20.0.mp4, -1, -1, 8.39141
HowTo_1080P-64f7_crf_10_ss_00_t_20.0.mp4, -1, -1, 8.94818
HowTo_1080P-6cbf_crf_10_ss_00_t_20.0.mp4, -1, -1, 2.6653599999999997
HowTo_1080P-7399_crf_10_ss_00_t_20.0.mp4, -1, -1, 8.3048
HowTo_1080P-763c_crf_10_ss_00_t_20.0.mp4, -1, -1, 7.71834
HowTo_1080P-7cf2_crf_10_ss_00_t_20.0.mp4, -1, -1, 7.1244499999999995
HowTo_1080P-7f18_crf_10_ss_00_t_20.0.mp4, -1, -1, 7.12693
HowTo_1080P-7f4c_crf_10_ss_00_t_20.0.mp4, -1, -1, 8.052399999999999
HowTo_360P-041c_crf_10_ss_00_t_20.0.mp4, -1, -1, 5.87977
HowTo_360P-0562_crf_10_ss_00_t_20.0.mp4, -1, -1, 5.99607
HowTo_360P-06be_crf_10_ss_00_t_20.0.mp4, -1, -1, 6.83741
HowTo_360P-09f8_crf_10_ss_00_t_20.0.mp4, -1, -1, 5.2289699999999995
HowTo_360P-127f_crf_10_ss_00_t_20.0.mp4, -1, -1, 6.171759999999999
HowTo_360P-1823_crf_10_ss_00_t_20.0.mp4, -1, -1, 5.48879
HowTo_360P-18e7_crf_10_ss_00_t_20.0.mp4, -1, -1, 4.80582
HowTo_360P-1dba_crf_10_ss_00_t_20.0.mp4, -1, -1, 2.64556
HowTo_360P-2074_crf_10_ss_00_t_20.0.mp4, -1, -1, 6.67656
HowTo_360P-2a3b_crf_10_ss_00_t_20.0.mp4, -1, -1, 4.33319
HowTo_360P-2d35_crf_10_ss_00_t_20.0.mp4, -1, -1, 4.97162
HowTo_360P-2fd5_crf_10_ss_00_t_20.0.mp4, -1, -1, 2.9969400000000004
HowTo_360P-3aa6_crf_10_ss_00_t_20.0.mp4, -1, -1, 5.3972299999999995
HowTo_360P-4276_crf_10_ss_00_t_20.0.mp4, -1, -1, 6.458810000000001
HowTo_360P-4e4c_crf_10_ss_00_t_20.0.mp4, -1, -1, 5.362590000000001
HowTo_360P-55e9_crf_10_ss_00_t_20.0.mp4, -1, -1, 6.577579999999999
HowTo_360P-5da7_crf_10_ss_00_t_20.0.mp4, -1, -1, 6.40189
HowTo_360P-6093_crf_10_ss_00_t_20.0.mp4, -1, -1, 5.8575
HowTo_360P-6a0e_crf_10_ss_00_t_20.0.mp4, -1, -1, 3.1330400000000003
HowTo_360P-7083_crf_10_ss_00_t_20.0.mp4, -1, -1, 5.42693
HowTo_360P-7dcd_crf_10_ss_00_t_20.0.mp4, -1, -1, 5.4368300000000005
HowTo_360P-7fb1_crf_10_ss_00_t_20.0.mp4, -1, -1, 6.1470199999999995
HowTo_480P-04f1_crf_10_ss_00_t_20.0.mp4, -1, -1, 6.473649999999999
HowTo_480P-0cb3_crf_10_ss_00_t_20.0.mp4, -1, -1, 6.8151399999999995
HowTo_480P-0d00_crf_10_ss_00_t_20.0.mp4, -1, -1, 7.8198
HowTo_480P-0eb3_crf_10_ss_00_t_20.0.mp4, -1, -1, 4.13028
HowTo_480P-118d_crf_10_ss_00_t_20.0.mp4, -1, -1, 1.5444
HowTo_480P-15c1_crf_10_ss_00_t_20.0.mp4, -1, -1, 6.00349
HowTo_480P-221e_crf_10_ss_00_t_20.0.mp4, -1, -1, 6.05051
HowTo_480P-2610_crf_10_ss_00_t_20.0.mp4, -1, -1, 5.3032
HowTo_480P-32c9_crf_10_ss_00_t_20.0.mp4, -1, -1, 4.137700000000001
HowTo_480P-3435_crf_10_ss_00_t_20.0.mp4, -1, -1, 7.651529999999999
HowTo_480P-470b_crf_10_ss_00_t_20.0.mp4, -1, -1, 7.47336
HowTo_480P-4948_crf_10_ss_00_t_20.0.mp4, -1, -1, 4.23916
HowTo_480P-4a28_crf_10_ss_00_t_20.0.mp4, -1, -1, 6.98093
HowTo_480P-4b6a_crf_10_ss_00_t_20.0.mp4, -1, -1, 4.76376
HowTo_480P-4c99_crf_10_ss_00_t_20.0.mp4, -1, -1, 5.2017500000000005
HowTo_480P-56a5_crf_10_ss_00_t_20.0.mp4, -1, -1, 8.03508
HowTo_480P-60b3_crf_10_ss_00_t_20.0.mp4, -1, -1, 6.77555
HowTo_480P-63a2_crf_10_ss_00_t_20.0.mp4, -1, -1, 6.733479999999999
HowTo_480P-64a2_crf_10_ss_00_t_20.0.mp4, -1, -1, 4.9444
HowTo_480P-7579_crf_10_ss_00_t_20.0.mp4, -1, -1, 8.02023
HowTo_480P-7c11_crf_10_ss_00_t_20.0.mp4, -1, -1, 6.01092
HowTo_720P-017a_crf_10_ss_00_t_20.0.mp4, -1, -1, 7.235810000000001
HowTo_720P-06eb_crf_10_ss_00_t_20.0.mp4, -1, -1, 8.14643
HowTo_720P-0a67_crf_10_ss_00_t_20.0.mp4, -1, -1, 8.60422
HowTo_720P-0b01_crf_10_ss_00_t_20.0.mp4, -1, -1, 8.09942
HowTo_720P-0c47_crf_10_ss_00_t_20.0.mp4, -1, -1, 8.72547
HowTo_720P-111e_crf_10_ss_00_t_20.0.mp4, -1, -1, 7.671320000000001
HowTo_720P-12f7_crf_10_ss_00_t_20.0.mp4, -1, -1, 6.09258
HowTo_720P-21c6_crf_10_ss_00_t_20.0.mp4, -1, -1, 4.949339999999999
HowTo_720P-269e_crf_10_ss_00_t_20.0.mp4, -1, -1, 6.94134
HowTo_720P-2cc6_crf_10_ss_00_t_20.0.mp4, -1, -1, 4.88996
HowTo_720P-37d0_crf_10_ss_00_t_20.0.mp4, -1, -1, 8.88632
HowTo_720P-3813_crf_10_ss_00_t_20.0.mp4, -1, -1, 5.52838
HowTo_720P-3a5d_crf_10_ss_00_t_20.0.mp4, -1, -1, 4.20204
HowTo_720P-479b_crf_10_ss_00_t_20.0.mp4, -1, -1, 6.88443
HowTo_720P-483c_crf_10_ss_00_t_20.0.mp4, -1, -1, 6.5503599999999995
HowTo_720P-4d55_crf_10_ss_00_t_20.0.mp4, -1, -1, 7.6936
HowTo_720P-4d9e_crf_10_ss_00_t_20.0.mp4, -1, -1, 7.05269
HowTo_720P-6323_crf_10_ss_00_t_20.0.mp4, -1, -1, 7.16157
HowTo_720P-6791_crf_10_ss_00_t_20.0.mp4, -1, -1, 3.52649
HowTo_720P-7782_crf_10_ss_00_t_20.0.mp4, -1, -1, 7.2333300000000005
HowTo_720P-7878_crf_10_ss_00_t_20.0.mp4, -1, -1, 7.018050000000001
HowTo_720P-7c38_crf_10_ss_00_t_20.0.mp4, -1, -1, 8.00786
Lecture_1080P-011f_crf_10_ss_00_t_20.0.mp4, -1, -1, 6.81019
Lecture_1080P-0201_crf_10_ss_00_t_20.0.mp4, -1, -1, 7.39418
Lecture_1080P-0c8a_crf_10_ss_00_t_20.0.mp4, -1, -1, 9.18574
Lecture_1080P-1709_crf_10_ss_00_t_20.0.mp4, -1, -1, 8.25036
Lecture_1080P-1969_crf_10_ss_00_t_20.0.mp4, -1, -1, 6.956189999999999
Lecture_360P-03bc_crf_10_ss_00_t_20.0.mp4, -1, -1, 4.76128
Lecture_360P-051a_crf_10_ss_00_t_20.0.mp4, -1, -1, 4.45939
Lecture_360P-114f_crf_10_ss_00_t_20.0.mp4, -1, -1, 8.25036
Lecture_360P-20c3_crf_10_ss_00_t_20.0.mp4, -1, -1, 5.67933
Lecture_360P-2276_crf_10_ss_00_t_20.0.mp4, -1, -1, 7.18632
Lecture_360P-27db_crf_10_ss_00_t_20.0.mp4, -1, -1, 5.577870000000001
Lecture_360P-2c55_crf_10_ss_00_t_20.0.mp4, -1, -1, 7.1244499999999995
Lecture_360P-2d1f_crf_10_ss_00_t_20.0.mp4, -1, -1, 6.88443
Lecture_360P-30eb_crf_10_ss_00_t_20.0.mp4, -1, -1, 6.2163
Lecture_360P-311d_crf_10_ss_00_t_20.0.mp4, -1, -1, 6.842359999999999
Lecture_360P-3590_crf_10_ss_00_t_20.0.mp4, -1, -1, 7.08981
Lecture_360P-44c2_crf_10_ss_00_t_20.0.mp4, -1, -1, 6.31281
Lecture_360P-4bb4_crf_10_ss_00_t_20.0.mp4, -1, -1, 7.3842799999999995
Lecture_360P-4f00_crf_10_ss_00_t_20.0.mp4, -1, -1, 5.77584
Lecture_360P-506c_crf_10_ss_00_t_20.0.mp4, -1, -1, 5.7659400000000005
Lecture_360P-5594_crf_10_ss_00_t_20.0.mp4, -1, -1, 6.258369999999999
Lecture_360P-5779_crf_10_ss_00_t_20.0.mp4, -1, -1, 5.5209600000000005
Lecture_360P-5aea_crf_10_ss_00_t_20.0.mp4, -1, -1, 5.56798
Lecture_360P-5d0a_crf_10_ss_00_t_20.0.mp4, -1, -1, 6.37962
Lecture_360P-6656_crf_10_ss_00_t_20.0.mp4, -1, -1, 6.48355
Lecture_360P-6d29_crf_10_ss_00_t_20.0.mp4, -1, -1, 5.32547
Lecture_360P-7550_crf_10_ss_00_t_20.0.mp4, -1, -1, 5.43188
Lecture_360P-7a57_crf_10_ss_00_t_20.0.mp4, -1, -1, 6.5701600000000004
Lecture_360P-7f7e_crf_10_ss_00_t_20.0.mp4, -1, -1, 7.0304199999999994
Lecture_480P-02f2_crf_10_ss_00_t_20.0.mp4, -1, -1, 5.99607
Lecture_480P-11df_crf_10_ss_00_t_20.0.mp4, -1, -1, 6.62213
Lecture_480P-181a_crf_10_ss_00_t_20.0.mp4, -1, -1, 2.34367
Lecture_480P-1ec3_crf_10_ss_00_t_20.0.mp4, -1, -1, 5.81048
Lecture_480P-2513_crf_10_ss_00_t_20.0.mp4, -1, -1, 2.57627
Lecture_480P-2655_crf_10_ss_00_t_20.0.mp4, -1, -1, 5.99607
Lecture_480P-2ed0_crf_10_ss_00_t_20.0.mp4, -1, -1, 1.5221299999999998
Lecture_480P-369f_crf_10_ss_00_t_20.0.mp4, -1, -1, 8.30233
Lecture_480P-3bdc_crf_10_ss_00_t_20.0.mp4, -1, -1, 5.7659400000000005
Lecture_480P-41b7_crf_10_ss_00_t_20.0.mp4, -1, -1, 6.16186
Lecture_480P-4272_crf_10_ss_00_t_20.0.mp4, -1, -1, 6.48108
Lecture_480P-42c3_crf_10_ss_00_t_20.0.mp4, -1, -1, 6.4662299999999995
Lecture_480P-4bc3_crf_10_ss_00_t_20.0.mp4, -1, -1, 7.651529999999999
Lecture_480P-4c86_crf_10_ss_00_t_20.0.mp4, -1, -1, 6.9982500000000005
Lecture_480P-5aee_crf_10_ss_00_t_20.0.mp4, -1, -1, 4.37525
Lecture_480P-5cd7_crf_10_ss_00_t_20.0.mp4, -1, -1, 7.884130000000001
Lecture_480P-5f3a_crf_10_ss_00_t_20.0.mp4, -1, -1, 3.6774400000000003
Lecture_480P-6191_crf_10_ss_00_t_20.0.mp4, -1, -1, 6.59243
Lecture_480P-6b1e_crf_10_ss_00_t_20.0.mp4, -1, -1, 6.26084
Lecture_480P-71c0_crf_10_ss_00_t_20.0.mp4, -1, -1, 5.96638
Lecture_480P-71d6_crf_10_ss_00_t_20.0.mp4, -1, -1, 6.03071
Lecture_480P-7205_crf_10_ss_00_t_20.0.mp4, -1, -1, 6.3821
Lecture_480P-73f6_crf_10_ss_00_t_20.0.mp4, -1, -1, 5.9837
Lecture_480P-74cf_crf_10_ss_00_t_20.0.mp4, -1, -1, 6.409319999999999
Lecture_480P-74ea_crf_10_ss_00_t_20.0.mp4, -1, -1, 5.98865
Lecture_480P-7d77_crf_10_ss_00_t_20.0.mp4, -1, -1, 6.8299900000000004
Lecture_480P-7e55_crf_10_ss_00_t_20.0.mp4, -1, -1, 6.68151
Lecture_480P-7eec_crf_10_ss_00_t_20.0.mp4, -1, -1, 5.38734
Lecture_720P-003a_crf_10_ss_00_t_20.0.mp4, -1, -1, 7.3595299999999995
Lecture_720P-07e0_crf_10_ss_00_t_20.0.mp4, -1, -1, 8.02766
Lecture_720P-094d_crf_10_ss_00_t_20.0.mp4, -1, -1, 6.87453
Lecture_720P-0f64_crf_10_ss_00_t_20.0.mp4, -1, -1, 6.78544
Lecture_720P-1033_crf_10_ss_00_t_20.0.mp4, -1, -1, 6.68894
Lecture_720P-10bc_crf_10_ss_00_t_20.0.mp4, -1, -1, 5.6372599999999995
Lecture_720P-11e7_crf_10_ss_00_t_20.0.mp4, -1, -1, 4.2837
Lecture_720P-1e62_crf_10_ss_00_t_20.0.mp4, -1, -1, 7.720820000000001
Lecture_720P-1f22_crf_10_ss_00_t_20.0.mp4, -1, -1, 8.401309999999999
Lecture_720P-2442_crf_10_ss_00_t_20.0.mp4, -1, -1, 6.31528
Lecture_720P-2b0f_crf_10_ss_00_t_20.0.mp4, -1, -1, 7.45852
Lecture_720P-2f38_crf_10_ss_00_t_20.0.mp4, -1, -1, 6.71616
Lecture_720P-2f8c_crf_10_ss_00_t_20.0.mp4, -1, -1, 7.42635
Lecture_720P-3b7f_crf_10_ss_00_t_20.0.mp4, -1, -1, 8.08705
Lecture_720P-3f9f_crf_10_ss_00_t_20.0.mp4, -1, -1, 6.53552
Lecture_720P-4c87_crf_10_ss_00_t_20.0.mp4, -1, -1, 7.188790000000001
Lecture_720P-50b9_crf_10_ss_00_t_20.0.mp4, -1, -1, 6.782970000000001
Lecture_720P-5120_crf_10_ss_00_t_20.0.mp4, -1, -1, 8.554730000000001
Lecture_720P-53a1_crf_10_ss_00_t_20.0.mp4, -1, -1, 6.80029
Lecture_720P-5725_crf_10_ss_00_t_20.0.mp4, -1, -1, 8.47307
Lecture_720P-5c7e_crf_10_ss_00_t_20.0.mp4, -1, -1, 7.44367
Lecture_720P-6016_crf_10_ss_00_t_20.0.mp4, -1, -1, 5.45662
Lecture_720P-6951_crf_10_ss_00_t_20.0.mp4, -1, -1, 8.22809
Lecture_720P-7189_crf_10_ss_00_t_20.0.mp4, -1, -1, 7.50058
Lecture_720P-7e40_crf_10_ss_00_t_20.0.mp4, -1, -1, 8.43348
LiveMusic_1080P-14af_crf_10_ss_00_t_20.0.mp4, -1, -1, 8.938279999999999
LiveMusic_1080P-157b_crf_10_ss_00_t_20.0.mp4, -1, -1, 8.71557
LiveMusic_1080P-1ace_crf_10_ss_00_t_20.0.mp4, -1, -1, 8.22562
LiveMusic_1080P-21dd_crf_10_ss_00_t_20.0.mp4, -1, -1, 7.37686
LiveMusic_1080P-28fe_crf_10_ss_00_t_20.0.mp4, -1, -1, 7.06507
LiveMusic_1080P-2930_crf_10_ss_00_t_20.0.mp4, -1, -1, 7.27045
LiveMusic_1080P-2f7f_crf_10_ss_00_t_20.0.mp4, -1, -1, 6.15691
LiveMusic_1080P-3549_crf_10_ss_00_t_20.0.mp4, -1, -1, 7.5921400000000006
LiveMusic_1080P-3f95_crf_10_ss_00_t_20.0.mp4, -1, -1, 7.9484699999999995
LiveMusic_1080P-48d5_crf_10_ss_00_t_20.0.mp4, -1, -1, 8.82198
LiveMusic_1080P-51f6_crf_10_ss_00_t_20.0.mp4, -1, -1, 7.37686
LiveMusic_1080P-541f_crf_10_ss_00_t_20.0.mp4, -1, -1, 8.25531
LiveMusic_1080P-59b3_crf_10_ss_00_t_20.0.mp4, -1, -1, 6.446429999999999
LiveMusic_1080P-6bbe_crf_10_ss_00_t_20.0.mp4, -1, -1, 8.638860000000001
LiveMusic_1080P-6d1a_crf_10_ss_00_t_20.0.mp4, -1, -1, 7.28035
LiveMusic_1080P-6fe2_crf_10_ss_00_t_20.0.mp4, -1, -1, 6.04556
LiveMusic_1080P-77e8_crf_10_ss_00_t_20.0.mp4, -1, -1, 6.2063999999999995
LiveMusic_1080P-7948_crf_10_ss_00_t_20.0.mp4, -1, -1, 7.42387
LiveMusic_1080P-7ead_crf_10_ss_00_t_20.0.mp4, -1, -1, 6.733479999999999
LiveMusic_360P-121f_crf_10_ss_00_t_20.0.mp4, -1, -1, 6.4142600000000005
LiveMusic_360P-1d94_crf_10_ss_00_t_20.0.mp4, -1, -1, 5.41951
LiveMusic_360P-22c5_crf_10_ss_00_t_20.0.mp4, -1, -1, 5.92183
LiveMusic_360P-2508_crf_10_ss_00_t_20.0.mp4, -1, -1, 5.36012
LiveMusic_360P-265c_crf_10_ss_00_t_20.0.mp4, -1, -1, 3.71456
LiveMusic_360P-2b0f_crf_10_ss_00_t_20.0.mp4, -1, -1, 6.342499999999999
LiveMusic_360P-3979_crf_10_ss_00_t_20.0.mp4, -1, -1, 2.4748200000000002
LiveMusic_360P-3b96_crf_10_ss_00_t_20.0.mp4, -1, -1, 3.7615700000000003
LiveMusic_360P-3be0_crf_10_ss_00_t_20.0.mp4, -1, -1, 2.18282
LiveMusic_360P-48d5_crf_10_ss_00_t_20.0.mp4, -1, -1, 6.15444
LiveMusic_360P-5281_crf_10_ss_00_t_20.0.mp4, -1, -1, 6.8250399999999996
LiveMusic_360P-54d0_crf_10_ss_00_t_20.0.mp4, -1, -1, 6.733479999999999
LiveMusic_360P-5b57_crf_10_ss_00_t_20.0.mp4, -1, -1, 4.7885
LiveMusic_360P-6266_crf_10_ss_00_t_20.0.mp4, -1, -1, 6.29796
LiveMusic_360P-6640_crf_10_ss_00_t_20.0.mp4, -1, -1, 5.62242
LiveMusic_360P-6a65_crf_10_ss_00_t_20.0.mp4, -1, -1, 3.93231
LiveMusic_360P-7483_crf_10_ss_00_t_20.0.mp4, -1, -1, 5.50611
LiveMusic_480P-0638_crf_10_ss_00_t_20.0.mp4, -1, -1, 5.125039999999999
LiveMusic_480P-1a91_crf_10_ss_00_t_20.0.mp4, -1, -1, 5.778309999999999
LiveMusic_480P-2019_crf_10_ss_00_t_20.0.mp4, -1, -1, 6.91164
LiveMusic_480P-2a5e_crf_10_ss_00_t_20.0.mp4, -1, -1, 5.57045
LiveMusic_480P-34be_crf_10_ss_00_t_20.0.mp4, -1, -1, 7.0551699999999995
LiveMusic_480P-38f3_crf_10_ss_00_t_20.0.mp4, -1, -1, 5.28341
LiveMusic_480P-3d03_crf_10_ss_00_t_20.0.mp4, -1, -1, 4.67962
LiveMusic_480P-459c_crf_10_ss_00_t_20.0.mp4, -1, -1, 4.7439599999999995
LiveMusic_480P-474a_crf_10_ss_00_t_20.0.mp4, -1, -1, 1.61616
LiveMusic_480P-4c3a_crf_10_ss_00_t_20.0.mp4, -1, -1, 5.12009
LiveMusic_480P-4f88_crf_10_ss_00_t_20.0.mp4, -1, -1, 6.01092
LiveMusic_480P-559d_crf_10_ss_00_t_20.0.mp4, -1, -1, 7.07001
LiveMusic_480P-58fb_crf_10_ss_00_t_20.0.mp4, -1, -1, 6.59243
LiveMusic_480P-61ef_crf_10_ss_00_t_20.0.mp4, -1, -1, 5.72882
LiveMusic_480P-6542_crf_10_ss_00_t_20.0.mp4, -1, -1, 5.96638
LiveMusic_480P-65ca_crf_10_ss_00_t_20.0.mp4, -1, -1, 7.0601199999999995
LiveMusic_720P-0cd5_crf_10_ss_00_t_20.0.mp4, -1, -1, 7.92868
LiveMusic_720P-0d9f_crf_10_ss_00_t_20.0.mp4, -1, -1, 6.13959
LiveMusic_720P-2620_crf_10_ss_00_t_20.0.mp4, -1, -1, 7.13435
LiveMusic_720P-267b_crf_10_ss_00_t_20.0.mp4, -1, -1, 6.6493400000000005
LiveMusic_720P-289b_crf_10_ss_00_t_20.0.mp4, -1, -1, 3.95459
LiveMusic_720P-3320_crf_10_ss_00_t_20.0.mp4, -1, -1, 6.46376
LiveMusic_720P-4ae2_crf_10_ss_00_t_20.0.mp4, -1, -1, 6.05546
LiveMusic_720P-58db_crf_10_ss_00_t_20.0.mp4, -1, -1, 8.770010000000001
LiveMusic_720P-6343_crf_10_ss_00_t_20.0.mp4, -1, -1, 6.10247
LiveMusic_720P-6452_crf_10_ss_00_t_20.0.mp4, -1, -1, 5.59272
LiveMusic_720P-653e_crf_10_ss_00_t_20.0.mp4, -1, -1, 5.627370000000001
LiveMusic_720P-65f6_crf_10_ss_00_t_20.0.mp4, -1, -1, 7.87176
LiveMusic_720P-66df_crf_10_ss_00_t_20.0.mp4, -1, -1, 9.28967
LiveMusic_720P-71c5_crf_10_ss_00_t_20.0.mp4, -1, -1, 6.84731
LyricVideo_1080P-0075_crf_10_ss_00_t_20.0.mp4, -1, -1, 4.88996
LyricVideo_1080P-0625_crf_10_ss_00_t_20.0.mp4, -1, -1, 8.5671
LyricVideo_1080P-16b6_crf_10_ss_00_t_20.0.mp4, -1, -1, 8.76754
LyricVideo_1080P-1b04_crf_10_ss_00_t_20.0.mp4, -1, -1, 7.33726
LyricVideo_1080P-1d75_crf_10_ss_00_t_20.0.mp4, -1, -1, 8.56463
LyricVideo_1080P-28e8_crf_10_ss_00_t_20.0.mp4, -1, -1, 6.013389999999999
LyricVideo_1080P-2946_crf_10_ss_00_t_20.0.mp4, -1, -1, 8.262739999999999
LyricVideo_1080P-3803_crf_10_ss_00_t_20.0.mp4, -1, -1, 7.70102
LyricVideo_1080P-41ee_crf_10_ss_00_t_20.0.mp4, -1, -1, 8.00044
LyricVideo_1080P-4b40_crf_10_ss_00_t_20.0.mp4, -1, -1, 6.92402
LyricVideo_1080P-5461_crf_10_ss_00_t_20.0.mp4, -1, -1, 7.90146
LyricVideo_1080P-584f_crf_10_ss_00_t_20.0.mp4, -1, -1, 5.81543
LyricVideo_1080P-63d4_crf_10_ss_00_t_20.0.mp4, -1, -1, 8.37162
LyricVideo_1080P-63d9_crf_10_ss_00_t_20.0.mp4, -1, -1, 6.61718
LyricVideo_1080P-725e_crf_10_ss_00_t_20.0.mp4, -1, -1, 8.81208
LyricVideo_1080P-756a_crf_10_ss_00_t_20.0.mp4, -1, -1, 8.38894
LyricVideo_360P-0ac7_crf_10_ss_00_t_20.0.mp4, -1, -1, 5.261139999999999
LyricVideo_360P-17ce_crf_10_ss_00_t_20.0.mp4, -1, -1, 4.92955
LyricVideo_360P-3afc_crf_10_ss_00_t_20.0.mp4, -1, -1, 4.57074
LyricVideo_360P-5868_crf_10_ss_00_t_20.0.mp4, -1, -1, 5.61499
LyricVideo_360P-5e87_crf_10_ss_00_t_20.0.mp4, -1, -1, 5.34774
LyricVideo_480P-0a5b_crf_10_ss_00_t_20.0.mp4, -1, -1, 5.96143
LyricVideo_480P-0f72_crf_10_ss_00_t_20.0.mp4, -1, -1, 3.03406
LyricVideo_480P-1484_crf_10_ss_00_t_20.0.mp4, -1, -1, 5.709020000000001
LyricVideo_480P-200a_crf_10_ss_00_t_20.0.mp4, -1, -1, 5.50611
LyricVideo_480P-2c50_crf_10_ss_00_t_20.0.mp4, -1, -1, 5.3130999999999995
LyricVideo_480P-3b2c_crf_10_ss_00_t_20.0.mp4, -1, -1, 6.518199999999999
LyricVideo_480P-3ccf_crf_10_ss_00_t_20.0.mp4, -1, -1, 4.45691
LyricVideo_480P-4346_crf_10_ss_00_t_20.0.mp4, -1, -1, 5.8278
LyricVideo_480P-51e4_crf_10_ss_00_t_20.0.mp4, -1, -1, 5.79316
LyricVideo_480P-5c17_crf_10_ss_00_t_20.0.mp4, -1, -1, 6.20146
LyricVideo_480P-6fca_crf_10_ss_00_t_20.0.mp4, -1, -1, 4.29112
LyricVideo_480P-7919_crf_10_ss_00_t_20.0.mp4, -1, -1, 4.13275
LyricVideo_720P-068d_crf_10_ss_00_t_20.0.mp4, -1, -1, 7.3917
LyricVideo_720P-081c_crf_10_ss_00_t_20.0.mp4, -1, -1, 8.29491
LyricVideo_720P-0940_crf_10_ss_00_t_20.0.mp4, -1, -1, 5.46157
LyricVideo_720P-09ed_crf_10_ss_00_t_20.0.mp4, -1, -1, 5.414560000000001
LyricVideo_720P-0ae4_crf_10_ss_00_t_20.0.mp4, -1, -1, 7.1244499999999995
LyricVideo_720P-1c89_crf_10_ss_00_t_20.0.mp4, -1, -1, 7.651529999999999
LyricVideo_720P-2d24_crf_10_ss_00_t_20.0.mp4, -1, -1, 8.31718
LyricVideo_720P-36fb_crf_10_ss_00_t_20.0.mp4, -1, -1, 7.42635
LyricVideo_720P-4253_crf_10_ss_00_t_20.0.mp4, -1, -1, 7.98806
LyricVideo_720P-47a9_crf_10_ss_00_t_20.0.mp4, -1, -1, 4.89491
LyricVideo_720P-59ed_crf_10_ss_00_t_20.0.mp4, -1, -1, 8.60422
LyricVideo_720P-5d3a_crf_10_ss_00_t_20.0.mp4, -1, -1, 7.6738
LyricVideo_720P-6f0c_crf_10_ss_00_t_20.0.mp4, -1, -1, 4.86274
LyricVideo_720P-6fc9_crf_10_ss_00_t_20.0.mp4, -1, -1, 4.5361
LyricVideo_720P-7003_crf_10_ss_00_t_20.0.mp4, -1, -1, 6.87205
LyricVideo_720P-739a_crf_10_ss_00_t_20.0.mp4, -1, -1, 5.04585
LyricVideo_720P-74a0_crf_10_ss_00_t_20.0.mp4, -1, -1, 8.85167
LyricVideo_720P-7f44_crf_10_ss_00_t_20.0.mp4, -1, -1, 8.309750000000001
MusicVideo_1080P-04b6_crf_10_ss_00_t_20.0.mp4, -1, -1, 8.53741
MusicVideo_1080P-0706_crf_10_ss_00_t_20.0.mp4, -1, -1, 8.03261
MusicVideo_1080P-0860_crf_10_ss_00_t_20.0.mp4, -1, -1, 7.73319
MusicVideo_1080P-106d_crf_10_ss_00_t_20.0.mp4, -1, -1, 5.99112
MusicVideo_1080P-16e6_crf_10_ss_00_t_20.0.mp4, -1, -1, 8.688360000000001
MusicVideo_1080P-18f5_crf_10_ss_00_t_20.0.mp4, -1, -1, 7.4016
MusicVideo_1080P-1a53_crf_10_ss_00_t_20.0.mp4, -1, -1, 6.77802
MusicVideo_1080P-24f5_crf_10_ss_00_t_20.0.mp4, -1, -1, 8.52504
MusicVideo_1080P-2b2b_crf_10_ss_00_t_20.0.mp4, -1, -1, 8.903640000000001
MusicVideo_1080P-2d1c_crf_10_ss_00_t_20.0.mp4, -1, -1, 6.87453
MusicVideo_1080P-34ff_crf_10_ss_00_t_20.0.mp4, -1, -1, 6.97846
MusicVideo_1080P-3a50_crf_10_ss_00_t_20.0.mp4, -1, -1, 7.057639999999999
MusicVideo_1080P-453f_crf_10_ss_00_t_20.0.mp4, -1, -1, 8.745270000000001
MusicVideo_1080P-4671_crf_10_ss_00_t_20.0.mp4, -1, -1, 5.5556
MusicVideo_1080P-5072_crf_10_ss_00_t_20.0.mp4, -1, -1, 8.29491
MusicVideo_1080P-55af_crf_10_ss_00_t_20.0.mp4, -1, -1, 7.20116
MusicVideo_1080P-59c4_crf_10_ss_00_t_20.0.mp4, -1, -1, 6.65924
MusicVideo_1080P-6260_crf_10_ss_00_t_20.0.mp4, -1, -1, 5.45415
MusicVideo_1080P-65c6_crf_10_ss_00_t_20.0.mp4, -1, -1, 7.98806
MusicVideo_1080P-6c1d_crf_10_ss_00_t_20.0.mp4, -1, -1, 8.62402
MusicVideo_1080P-6c88_crf_10_ss_00_t_20.0.mp4, -1, -1, 6.13712
MusicVideo_1080P-6fb1_crf_10_ss_00_t_20.0.mp4, -1, -1, 6.567690000000001
MusicVideo_1080P-7265_crf_10_ss_00_t_20.0.mp4, -1, -1, 6.7508
MusicVideo_1080P-7706_crf_10_ss_00_t_20.0.mp4, -1, -1, 5.16463
MusicVideo_1080P-7f2e_crf_10_ss_00_t_20.0.mp4, -1, -1, 7.20611
MusicVideo_360P-08cb_crf_10_ss_00_t_20.0.mp4, -1, -1, 6.342499999999999
MusicVideo_360P-17e4_crf_10_ss_00_t_20.0.mp4, -1, -1, 5.926780000000001
MusicVideo_360P-24b0_crf_10_ss_00_t_20.0.mp4, -1, -1, 6.61718
MusicVideo_360P-2fcb_crf_10_ss_00_t_20.0.mp4, -1, -1, 6.88195
MusicVideo_360P-462f_crf_10_ss_00_t_20.0.mp4, -1, -1, 6.61223
MusicVideo_360P-4de7_crf_10_ss_00_t_20.0.mp4, -1, -1, 5.27103
MusicVideo_360P-5358_crf_10_ss_00_t_20.0.mp4, -1, -1, 5.5209600000000005
MusicVideo_360P-5578_crf_10_ss_00_t_20.0.mp4, -1, -1, 5.03595
MusicVideo_360P-5699_crf_10_ss_00_t_20.0.mp4, -1, -1, 7.27045
MusicVideo_360P-5f07_crf_10_ss_00_t_20.0.mp4, -1, -1, 5.15473
MusicVideo_360P-5f8d_crf_10_ss_00_t_20.0.mp4, -1, -1, 3.9570600000000002
MusicVideo_360P-648c_crf_10_ss_00_t_20.0.mp4, -1, -1, 6.02329
MusicVideo_360P-7b94_crf_10_ss_00_t_20.0.mp4, -1, -1, 3.96448
MusicVideo_480P-0448_crf_10_ss_00_t_20.0.mp4, -1, -1, 6.4711799999999995
MusicVideo_480P-12fb_crf_10_ss_00_t_20.0.mp4, -1, -1, 5.496220000000001
MusicVideo_480P-184c_crf_10_ss_00_t_20.0.mp4, -1, -1, 7.14672
MusicVideo_480P-1eee_crf_10_ss_00_t_20.0.mp4, -1, -1, 5.5011600000000005
MusicVideo_480P-2de0_crf_10_ss_00_t_20.0.mp4, -1, -1, 6.51325
MusicVideo_480P-3aa2_crf_10_ss_00_t_20.0.mp4, -1, -1, 4.77365
MusicVideo_480P-3c8b_crf_10_ss_00_t_20.0.mp4, -1, -1, 5.12256
MusicVideo_480P-41ce_crf_10_ss_00_t_20.0.mp4, -1, -1, 7.24571
MusicVideo_480P-483b_crf_10_ss_00_t_20.0.mp4, -1, -1, 1.73493
MusicVideo_480P-4cc8_crf_10_ss_00_t_20.0.mp4, -1, -1, 6.2063999999999995
MusicVideo_480P-5461_crf_10_ss_00_t_20.0.mp4, -1, -1, 8.49782
MusicVideo_480P-5830_crf_10_ss_00_t_20.0.mp4, -1, -1, 5.46157
MusicVideo_480P-6026_crf_10_ss_00_t_20.0.mp4, -1, -1, 5.43188
MusicVideo_480P-61ba_crf_10_ss_00_t_20.0.mp4, -1, -1, 2.27191
MusicVideo_480P-66b2_crf_10_ss_00_t_20.0.mp4, -1, -1, 4.63013
MusicVideo_480P-6fb6_crf_10_ss_00_t_20.0.mp4, -1, -1, 6.86215
MusicVideo_480P-7643_crf_10_ss_00_t_20.0.mp4, -1, -1, 5.580349999999999
MusicVideo_480P-7955_crf_10_ss_00_t_20.0.mp4, -1, -1, 6.60975
MusicVideo_720P-0355_crf_10_ss_00_t_20.0.mp4, -1, -1, 2.64556
MusicVideo_720P-0752_crf_10_ss_00_t_20.0.mp4, -1, -1, 8.72795
MusicVideo_720P-14f0_crf_10_ss_00_t_20.0.mp4, -1, -1, 3.82096
MusicVideo_720P-2d7d_crf_10_ss_00_t_20.0.mp4, -1, -1, 5.32052
MusicVideo_720P-3698_crf_10_ss_00_t_20.0.mp4, -1, -1, 8.76012
MusicVideo_720P-3b11_crf_10_ss_00_t_20.0.mp4, -1, -1, 6.83493
MusicVideo_720P-3c4c_crf_10_ss_00_t_20.0.mp4, -1, -1, 8.158809999999999
MusicVideo_720P-44c1_crf_10_ss_00_t_20.0.mp4, -1, -1, 9.05953
MusicVideo_720P-4895_crf_10_ss_00_t_20.0.mp4, -1, -1, 8.25284
MusicVideo_720P-4ad2_crf_10_ss_00_t_20.0.mp4, -1, -1, 7.22096
MusicVideo_720P-575d_crf_10_ss_00_t_20.0.mp4, -1, -1, 5.94905
MusicVideo_720P-5c9c_crf_10_ss_00_t_20.0.mp4, -1, -1, 4.04119
MusicVideo_720P-62df_crf_10_ss_00_t_20.0.mp4, -1, -1, 8.43348
MusicVideo_720P-734f_crf_10_ss_00_t_20.0.mp4, -1, -1, 7.44862
MusicVideo_720P-7501_crf_10_ss_00_t_20.0.mp4, -1, -1, 4.35546
MusicVideo_720P-7bcf_crf_10_ss_00_t_20.0.mp4, -1, -1, 6.67656
NewsClip_1080P-00c3_crf_10_ss_00_t_20.0.mp4, -1, -1, 8.86652
NewsClip_1080P-02fd_crf_10_ss_00_t_20.0.mp4, -1, -1, 8.2182
NewsClip_1080P-06df_crf_10_ss_00_t_20.0.mp4, -1, -1, 9.034790000000001
NewsClip_1080P-0abf_crf_10_ss_00_t_20.0.mp4, -1, -1, 7.0131
NewsClip_1080P-1db0_crf_10_ss_00_t_20.0.mp4, -1, -1, 8.17365
NewsClip_1080P-22b3_crf_10_ss_00_t_20.0.mp4, -1, -1, 7.3595299999999995
NewsClip_1080P-27fb_crf_10_ss_00_t_20.0.mp4, -1, -1, 7.82969
NewsClip_1080P-2eb0_crf_10_ss_00_t_20.0.mp4, -1, -1, 9.02242
NewsClip_1080P-3427_crf_10_ss_00_t_20.0.mp4, -1, -1, 8.770010000000001
NewsClip_1080P-3c7c_crf_10_ss_00_t_20.0.mp4, -1, -1, 8.96798
NewsClip_1080P-4241_crf_10_ss_00_t_20.0.mp4, -1, -1, 7.66638
NewsClip_1080P-48ae_crf_10_ss_00_t_20.0.mp4, -1, -1, 7.54512
NewsClip_1080P-5b53_crf_10_ss_00_t_20.0.mp4, -1, -1, 8.938279999999999
NewsClip_1080P-5be1_crf_10_ss_00_t_20.0.mp4, -1, -1, 7.98559
NewsClip_1080P-632e_crf_10_ss_00_t_20.0.mp4, -1, -1, 6.62955
NewsClip_1080P-67dc_crf_10_ss_00_t_20.0.mp4, -1, -1, 7.76783
NewsClip_1080P-7816_crf_10_ss_00_t_20.0.mp4, -1, -1, 7.46594
NewsClip_360P-0376_crf_10_ss_00_t_20.0.mp4, -1, -1, 5.5853
NewsClip_360P-0c17_crf_10_ss_00_t_20.0.mp4, -1, -1, 5.27103
NewsClip_360P-0ff8_crf_10_ss_00_t_20.0.mp4, -1, -1, 6.63202
NewsClip_360P-1093_crf_10_ss_00_t_20.0.mp4, -1, -1, 5.59767
NewsClip_360P-12fc_crf_10_ss_00_t_20.0.mp4, -1, -1, 5.10771
NewsClip_360P-1b1c_crf_10_ss_00_t_20.0.mp4, -1, -1, 6.62213
NewsClip_360P-1e1c_crf_10_ss_00_t_20.0.mp4, -1, -1, 5.978750000000001
NewsClip_360P-1eae_crf_10_ss_00_t_20.0.mp4, -1, -1, 6.50582
NewsClip_360P-22ce_crf_10_ss_00_t_20.0.mp4, -1, -1, 4.60291
NewsClip_360P-274e_crf_10_ss_00_t_20.0.mp4, -1, -1, 6.171759999999999
NewsClip_360P-2986_crf_10_ss_00_t_20.0.mp4, -1, -1, 5.10771
NewsClip_360P-2c91_crf_10_ss_00_t_20.0.mp4, -1, -1, 5.00131
NewsClip_360P-311a_crf_10_ss_00_t_20.0.mp4, -1, -1, 3.9818
NewsClip_360P-3451_crf_10_ss_00_t_20.0.mp4, -1, -1, 3.17511
NewsClip_360P-4288_crf_10_ss_00_t_20.0.mp4, -1, -1, 6.322710000000001
NewsClip_360P-439a_crf_10_ss_00_t_20.0.mp4, -1, -1, 6.04803
NewsClip_360P-4417_crf_10_ss_00_t_20.0.mp4, -1, -1, 5.16215
NewsClip_360P-5052_crf_10_ss_00_t_20.0.mp4, -1, -1, 3.11077
NewsClip_360P-5752_crf_10_ss_00_t_20.0.mp4, -1, -1, 6.2063999999999995
NewsClip_360P-5bcc_crf_10_ss_00_t_20.0.mp4, -1, -1, 5.013680000000001
NewsClip_360P-5f3b_crf_10_ss_00_t_20.0.mp4, -1, -1, 3.6131
NewsClip_360P-66ae_crf_10_ss_00_t_20.0.mp4, -1, -1, 5.889670000000001
NewsClip_360P-67ce_crf_10_ss_00_t_20.0.mp4, -1, -1, 5.83523
NewsClip_360P-7a96_crf_10_ss_00_t_20.0.mp4, -1, -1, 3.59578
NewsClip_480P-0269_crf_10_ss_00_t_20.0.mp4, -1, -1, 5.449199999999999
NewsClip_480P-0ce5_crf_10_ss_00_t_20.0.mp4, -1, -1, 6.0059700000000005
NewsClip_480P-15fa_crf_10_ss_00_t_20.0.mp4, -1, -1, 6.78792
NewsClip_480P-2407_crf_10_ss_00_t_20.0.mp4, -1, -1, 4.57817
NewsClip_480P-2642_crf_10_ss_00_t_20.0.mp4, -1, -1, 4.57817
NewsClip_480P-28eb_crf_10_ss_00_t_20.0.mp4, -1, -1, 5.345269999999999
NewsClip_480P-2b9b_crf_10_ss_00_t_20.0.mp4, -1, -1, 3.9174700000000002
NewsClip_480P-2ba7_crf_10_ss_00_t_20.0.mp4, -1, -1, 4.8330400000000004
NewsClip_480P-31bd_crf_10_ss_00_t_20.0.mp4, -1, -1, 6.85968
NewsClip_480P-3672_crf_10_ss_00_t_20.0.mp4, -1, -1, 7.33479
NewsClip_480P-36d0_crf_10_ss_00_t_20.0.mp4, -1, -1, 7.240760000000001
NewsClip_480P-4072_crf_10_ss_00_t_20.0.mp4, -1, -1, 4.06594
NewsClip_480P-41b1_crf_10_ss_00_t_20.0.mp4, -1, -1, 6.891850000000001
NewsClip_480P-437c_crf_10_ss_00_t_20.0.mp4, -1, -1, 5.37744
NewsClip_480P-49c9_crf_10_ss_00_t_20.0.mp4, -1, -1, 7.76288
NewsClip_480P-4a9f_crf_10_ss_00_t_20.0.mp4, -1, -1, 5.30815
NewsClip_480P-4e77_crf_10_ss_00_t_20.0.mp4, -1, -1, 6.46376
NewsClip_480P-543f_crf_10_ss_00_t_20.0.mp4, -1, -1, 6.39694
NewsClip_480P-5a3b_crf_10_ss_00_t_20.0.mp4, -1, -1, 3.46215
NewsClip_480P-5e7f_crf_10_ss_00_t_20.0.mp4, -1, -1, 5.61004
NewsClip_480P-606e_crf_10_ss_00_t_20.0.mp4, -1, -1, 5.15473
NewsClip_480P-6615_crf_10_ss_00_t_20.0.mp4, -1, -1, 6.61223
NewsClip_480P-696e_crf_10_ss_00_t_20.0.mp4, -1, -1, 5.60262
NewsClip_480P-6bfa_crf_10_ss_00_t_20.0.mp4, -1, -1, 7.31252
NewsClip_480P-7232_crf_10_ss_00_t_20.0.mp4, -1, -1, 5.32795
NewsClip_480P-72b8_crf_10_ss_00_t_20.0.mp4, -1, -1, 6.35735
NewsClip_480P-7a0d_crf_10_ss_00_t_20.0.mp4, -1, -1, 7.216010000000001
NewsClip_720P-04ba_crf_10_ss_00_t_20.0.mp4, -1, -1, 6.56274
NewsClip_720P-0c81_crf_10_ss_00_t_20.0.mp4, -1, -1, 7.55997
NewsClip_720P-1971_crf_10_ss_00_t_20.0.mp4, -1, -1, 8.49782
NewsClip_720P-2182_crf_10_ss_00_t_20.0.mp4, -1, -1, 6.57263
NewsClip_720P-23e0_crf_10_ss_00_t_20.0.mp4, -1, -1, 8.09694
NewsClip_720P-2882_crf_10_ss_00_t_20.0.mp4, -1, -1, 7.000729999999999
NewsClip_720P-35d9_crf_10_ss_00_t_20.0.mp4, -1, -1, 5.392289999999999
NewsClip_720P-37f7_crf_10_ss_00_t_20.0.mp4, -1, -1, 7.12198
NewsClip_720P-4603_crf_10_ss_00_t_20.0.mp4, -1, -1, 6.473649999999999
NewsClip_720P-4e87_crf_10_ss_00_t_20.0.mp4, -1, -1, 8.73537
NewsClip_720P-5564_crf_10_ss_00_t_20.0.mp4, -1, -1, 8.75764
NewsClip_720P-5787_crf_10_ss_00_t_20.0.mp4, -1, -1, 9.01994
NewsClip_720P-579b_crf_10_ss_00_t_20.0.mp4, -1, -1, 5.01863
NewsClip_720P-5d89_crf_10_ss_00_t_20.0.mp4, -1, -1, 9.01252
NewsClip_720P-6016_crf_10_ss_00_t_20.0.mp4, -1, -1, 9.11645
NewsClip_720P-6106_crf_10_ss_00_t_20.0.mp4, -1, -1, 5.340319999999999
NewsClip_720P-672c_crf_10_ss_00_t_20.0.mp4, -1, -1, 7.79258
NewsClip_720P-6a19_crf_10_ss_00_t_20.0.mp4, -1, -1, 6.70378
NewsClip_720P-6cde_crf_10_ss_00_t_20.0.mp4, -1, -1, 8.55968
NewsClip_720P-72d2_crf_10_ss_00_t_20.0.mp4, -1, -1, 8.70815
NewsClip_720P-739b_crf_10_ss_00_t_20.0.mp4, -1, -1, 7.84207
NewsClip_720P-7745_crf_10_ss_00_t_20.0.mp4, -1, -1, 9.1313
NewsClip_720P-7b7e_crf_10_ss_00_t_20.0.mp4, -1, -1, 8.18355
NewsClip_720P-7b97_crf_10_ss_00_t_20.0.mp4, -1, -1, 4.86274
NewsClip_720P-7c67_crf_10_ss_00_t_20.0.mp4, -1, -1, 8.89869
NewsClip_720P-7e56_crf_10_ss_00_t_20.0.mp4, -1, -1, 8.8393
Sports_1080P-0063_crf_10_ss_00_t_20.0.mp4, -1, -1, 6.45633
Sports_1080P-0640_crf_10_ss_00_t_20.0.mp4, -1, -1, 6.64687
Sports_1080P-08e1_crf_10_ss_00_t_20.0.mp4, -1, -1, 8.37904
Sports_1080P-0d0c_crf_10_ss_00_t_20.0.mp4, -1, -1, 7.77525
Sports_1080P-15d1_crf_10_ss_00_t_20.0.mp4, -1, -1, 9.23523
Sports_1080P-19d8_crf_10_ss_00_t_20.0.mp4, -1, -1, 8.99272
Sports_1080P-1ae3_crf_10_ss_00_t_20.0.mp4, -1, -1, 6.22125
Sports_1080P-1bf7_crf_10_ss_00_t_20.0.mp4, -1, -1, 9.03726
Sports_1080P-1d78_crf_10_ss_00_t_20.0.mp4, -1, -1, 6.28559
Sports_1080P-241e_crf_10_ss_00_t_20.0.mp4, -1, -1, 8.84178
Sports_1080P-2524_crf_10_ss_00_t_20.0.mp4, -1, -1, 6.98836
Sports_1080P-28a6_crf_10_ss_00_t_20.0.mp4, -1, -1, 8.94323
Sports_1080P-2a21_crf_10_ss_00_t_20.0.mp4, -1, -1, 5.92183
Sports_1080P-3a3b_crf_10_ss_00_t_20.0.mp4, -1, -1, 7.00568
Sports_1080P-3db7_crf_10_ss_00_t_20.0.mp4, -1, -1, 7.87671
Sports_1080P-3eb0_crf_10_ss_00_t_20.0.mp4, -1, -1, 7.37686
Sports_1080P-43e2_crf_10_ss_00_t_20.0.mp4, -1, -1, 8.8492
Sports_1080P-46ed_crf_10_ss_00_t_20.0.mp4, -1, -1, 6.5701600000000004
Sports_1080P-47e9_crf_10_ss_00_t_20.0.mp4, -1, -1, 8.08705
Sports_1080P-4978_crf_10_ss_00_t_20.0.mp4, -1, -1, 8.66856
Sports_1080P-49c5_crf_10_ss_00_t_20.0.mp4, -1, -1, 8.17613
Sports_1080P-4e05_crf_10_ss_00_t_20.0.mp4, -1, -1, 6.45138
Sports_1080P-53a0_crf_10_ss_00_t_20.0.mp4, -1, -1, 6.411790000000001
Sports_1080P-5d25_crf_10_ss_00_t_20.0.mp4, -1, -1, 6.53304
Sports_1080P-6571_crf_10_ss_00_t_20.0.mp4, -1, -1, 6.96361
Sports_1080P-6710_crf_10_ss_00_t_20.0.mp4, -1, -1, 8.65371
Sports_1080P-679d_crf_10_ss_00_t_20.0.mp4, -1, -1, 8.73042
Sports_1080P-7203_crf_10_ss_00_t_20.0.mp4, -1, -1, 7.60204
Sports_1080P-7584_crf_10_ss_00_t_20.0.mp4, -1, -1, 7.218489999999999
Sports_1080P-76a2_crf_10_ss_00_t_20.0.mp4, -1, -1, 7.95837
Sports_1080P-7dba_crf_10_ss_00_t_20.0.mp4, -1, -1, 7.12693
Sports_2160P-0455_crf_10_ss_00_t_20.0.mp4, -1, -1, 8.53493
Sports_2160P-086d_crf_10_ss_00_t_20.0.mp4, -1, -1, 8.75517
Sports_2160P-1261_crf_10_ss_00_t_20.0.mp4, -1, -1, 8.10684
Sports_2160P-1733_crf_10_ss_00_t_20.0.mp4, -1, -1, 8.74774
Sports_2160P-1b70_crf_10_ss_00_t_20.0.mp4, -1, -1, 9.0818
Sports_2160P-1ddc_crf_10_ss_00_t_20.0.mp4, -1, -1, 6.50335
Sports_2160P-210c_crf_10_ss_00_t_20.0.mp4, -1, -1, 8.96798
Sports_2160P-2568_crf_10_ss_00_t_20.0.mp4, -1, -1, 8.81703
Sports_2160P-2626_crf_10_ss_00_t_20.0.mp4, -1, -1, 8.78486
Sports_2160P-279f_crf_10_ss_00_t_20.0.mp4, -1, -1, 9.12635
Sports_2160P-2a83_crf_10_ss_00_t_20.0.mp4, -1, -1, 7.82969
Sports_2160P-2e1d_crf_10_ss_00_t_20.0.mp4, -1, -1, 8.9556
Sports_2160P-2eda_crf_10_ss_00_t_20.0.mp4, -1, -1, 8.58443
Sports_2160P-300d_crf_10_ss_00_t_20.0.mp4, -1, -1, 7.00815
Sports_2160P-324e_crf_10_ss_00_t_20.0.mp4, -1, -1, 8.60917
Sports_2160P-349c_crf_10_ss_00_t_20.0.mp4, -1, -1, 8.57205
Sports_2160P-3794_crf_10_ss_00_t_20.0.mp4, -1, -1, 5.7411900000000005
Sports_2160P-391a_crf_10_ss_00_t_20.0.mp4, -1, -1, 8.52009
Sports_2160P-3a9a_crf_10_ss_00_t_20.0.mp4, -1, -1, 6.91659
Sports_2160P-3d85_crf_10_ss_00_t_20.0.mp4, -1, -1, 9.10408
Sports_2160P-4024_crf_10_ss_00_t_20.0.mp4, -1, -1, 7.95837
Sports_2160P-4201_crf_10_ss_00_t_20.0.mp4, -1, -1, 7.85444
Sports_2160P-49f1_crf_10_ss_00_t_20.0.mp4, -1, -1, 8.53493
Sports_2160P-4aae_crf_10_ss_00_t_20.0.mp4, -1, -1, 8.62402
Sports_2160P-4e9f_crf_10_ss_00_t_20.0.mp4, -1, -1, 8.826929999999999
Sports_2160P-5ef3_crf_10_ss_00_t_20.0.mp4, -1, -1, 8.34192
Sports_2160P-69b9_crf_10_ss_00_t_20.0.mp4, -1, -1, 9.22038
Sports_2160P-6b28_crf_10_ss_00_t_20.0.mp4, -1, -1, 8.792290000000001
Sports_2160P-7165_crf_10_ss_00_t_20.0.mp4, -1, -1, 8.6933
Sports_2160P-7a11_crf_10_ss_00_t_20.0.mp4, -1, -1, 8.74774
Sports_2160P-7af7_crf_10_ss_00_t_20.0.mp4, -1, -1, 7.70102
Sports_2160P-7af8_crf_10_ss_00_t_20.0.mp4, -1, -1, 6.74338
Sports_2160P-7bbe_crf_10_ss_00_t_20.0.mp4, -1, -1, 8.67351
Sports_360P-02c3_crf_10_ss_00_t_20.0.mp4, -1, -1, 6.3301300000000005
Sports_360P-0c66_crf_10_ss_00_t_20.0.mp4, -1, -1, 5.59025
Sports_360P-0dda_crf_10_ss_00_t_20.0.mp4, -1, -1, 5.02358
Sports_360P-11b7_crf_10_ss_00_t_20.0.mp4, -1, -1, 3.8679799999999998
Sports_360P-1803_crf_10_ss_00_t_20.0.mp4, -1, -1, 6.817609999999999
Sports_360P-1d5c_crf_10_ss_00_t_20.0.mp4, -1, -1, 7.28282
Sports_360P-2725_crf_10_ss_00_t_20.0.mp4, -1, -1, 5.00873
Sports_360P-27b0_crf_10_ss_00_t_20.0.mp4, -1, -1, 4.9048
Sports_360P-2ace_crf_10_ss_00_t_20.0.mp4, -1, -1, 6.44891
Sports_360P-2e48_crf_10_ss_00_t_20.0.mp4, -1, -1, 4.71674
Sports_360P-301d_crf_10_ss_00_t_20.0.mp4, -1, -1, 7.000729999999999
Sports_360P-32d3_crf_10_ss_00_t_20.0.mp4, -1, -1, 5.37991
Sports_360P-3960_crf_10_ss_00_t_20.0.mp4, -1, -1, 4.82314
Sports_360P-3e68_crf_10_ss_00_t_20.0.mp4, -1, -1, 4.13275
Sports_360P-4545_crf_10_ss_00_t_20.0.mp4, -1, -1, 3.94469
Sports_360P-4802_crf_10_ss_00_t_20.0.mp4, -1, -1, 4.31587
Sports_360P-4ad7_crf_10_ss_00_t_20.0.mp4, -1, -1, 3.6848599999999996
Sports_360P-50fd_crf_10_ss_00_t_20.0.mp4, -1, -1, 5.37744
Sports_360P-5252_crf_10_ss_00_t_20.0.mp4, -1, -1, 4.20699
Sports_360P-5ded_crf_10_ss_00_t_20.0.mp4, -1, -1, 7.29025
Sports_360P-61f6_crf_10_ss_00_t_20.0.mp4, -1, -1, 6.322710000000001
Sports_360P-65f3_crf_10_ss_00_t_20.0.mp4, -1, -1, 4.91965
Sports_360P-6b4f_crf_10_ss_00_t_20.0.mp4, -1, -1, 5.3032
Sports_360P-6c6f_crf_10_ss_00_t_20.0.mp4, -1, -1, 4.25153
Sports_360P-6f62_crf_10_ss_00_t_20.0.mp4, -1, -1, 6.8200899999999995
Sports_360P-7f50_crf_10_ss_00_t_20.0.mp4, -1, -1, 2.78413
Sports_480P-0623_crf_10_ss_00_t_20.0.mp4, -1, -1, 5.61252
Sports_480P-0827_crf_10_ss_00_t_20.0.mp4, -1, -1, 5.13741
Sports_480P-0af9_crf_10_ss_00_t_20.0.mp4, -1, -1, 7.2432300000000005
Sports_480P-0bb9_crf_10_ss_00_t_20.0.mp4, -1, -1, 6.3870499999999995
Sports_480P-0efe_crf_10_ss_00_t_20.0.mp4, -1, -1, 7.01557
Sports_480P-1019_crf_10_ss_00_t_20.0.mp4, -1, -1, 6.13217
Sports_480P-1056_crf_10_ss_00_t_20.0.mp4, -1, -1, 5.71892
Sports_480P-11ec_crf_10_ss_00_t_20.0.mp4, -1, -1, 1.91557
Sports_480P-1396_crf_10_ss_00_t_20.0.mp4, -1, -1, 6.48603
Sports_480P-19e4_crf_10_ss_00_t_20.0.mp4, -1, -1, 7.41645
Sports_480P-1d1b_crf_10_ss_00_t_20.0.mp4, -1, -1, 3.3136799999999997
Sports_480P-1fe9_crf_10_ss_00_t_20.0.mp4, -1, -1, 2.14818
Sports_480P-2053_crf_10_ss_00_t_20.0.mp4, -1, -1, 5.71892
Sports_480P-211f_crf_10_ss_00_t_20.0.mp4, -1, -1, 4.64498
Sports_480P-2dfe_crf_10_ss_00_t_20.0.mp4, -1, -1, 3.8679799999999998
Sports_480P-3195_crf_10_ss_00_t_20.0.mp4, -1, -1, 6.6790400000000005
Sports_480P-3404_crf_10_ss_00_t_20.0.mp4, -1, -1, 6.6691400000000005
Sports_480P-35ea_crf_10_ss_00_t_20.0.mp4, -1, -1, 7.0032000000000005
Sports_480P-3ca4_crf_10_ss_00_t_20.0.mp4, -1, -1, 3.83828
Sports_480P-3dfd_crf_10_ss_00_t_20.0.mp4, -1, -1, 6.58253
Sports_480P-3f50_crf_10_ss_00_t_20.0.mp4, -1, -1, 8.40378
Sports_480P-41a5_crf_10_ss_00_t_20.0.mp4, -1, -1, 2.80146
Sports_480P-44e5_crf_10_ss_00_t_20.0.mp4, -1, -1, 5.77089
Sports_480P-4cf8_crf_10_ss_00_t_20.0.mp4, -1, -1, 2.93261
Sports_480P-5224_crf_10_ss_00_t_20.0.mp4, -1, -1, 5.01863
Sports_480P-5871_crf_10_ss_00_t_20.0.mp4, -1, -1, 4.60291
Sports_480P-5f38_crf_10_ss_00_t_20.0.mp4, -1, -1, 7.25808
Sports_480P-6508_crf_10_ss_00_t_20.0.mp4, -1, -1, 6.458810000000001
Sports_480P-6e41_crf_10_ss_00_t_20.0.mp4, -1, -1, 6.10742
Sports_480P-77e3_crf_10_ss_00_t_20.0.mp4, -1, -1, 5.48137
Sports_480P-7f7e_crf_10_ss_00_t_20.0.mp4, -1, -1, 2.75939
Sports_720P-00a1_crf_10_ss_00_t_20.0.mp4, -1, -1, 7.97569
Sports_720P-0104_crf_10_ss_00_t_20.0.mp4, -1, -1, 8.37656
Sports_720P-058f_crf_10_ss_00_t_20.0.mp4, -1, -1, 8.51761
Sports_720P-07d0_crf_10_ss_00_t_20.0.mp4, -1, -1, 7.48574
Sports_720P-0b9e_crf_10_ss_00_t_20.0.mp4, -1, -1, 7.68122
Sports_720P-17fb_crf_10_ss_00_t_20.0.mp4, -1, -1, 6.81266
Sports_720P-2191_crf_10_ss_00_t_20.0.mp4, -1, -1, 7.302619999999999
Sports_720P-2234_crf_10_ss_00_t_20.0.mp4, -1, -1, 8.22067
Sports_720P-2632_crf_10_ss_00_t_20.0.mp4, -1, -1, 7.537700000000001
Sports_720P-2c06_crf_10_ss_00_t_20.0.mp4, -1, -1, 7.77031
Sports_720P-2c80_crf_10_ss_00_t_20.0.mp4, -1, -1, 5.68675
Sports_720P-3072_crf_10_ss_00_t_20.0.mp4, -1, -1, 5.795630000000001
Sports_720P-3338_crf_10_ss_00_t_20.0.mp4, -1, -1, 9.01994
Sports_720P-33c6_crf_10_ss_00_t_20.0.mp4, -1, -1, 5.3130999999999995
Sports_720P-38a1_crf_10_ss_00_t_20.0.mp4, -1, -1, 5.758520000000001
Sports_720P-3eb4_crf_10_ss_00_t_20.0.mp4, -1, -1, 7.33479
Sports_720P-3ffe_crf_10_ss_00_t_20.0.mp4, -1, -1, 5.37744
Sports_720P-4b69_crf_10_ss_00_t_20.0.mp4, -1, -1, 7.584720000000001
Sports_720P-4c6f_crf_10_ss_00_t_20.0.mp4, -1, -1, 8.08457
Sports_720P-50cf_crf_10_ss_00_t_20.0.mp4, -1, -1, 6.27074
Sports_720P-531c_crf_10_ss_00_t_20.0.mp4, -1, -1, 9.19811
Sports_720P-5833_crf_10_ss_00_t_20.0.mp4, -1, -1, 5.8575
Sports_720P-5ae1_crf_10_ss_00_t_20.0.mp4, -1, -1, 8.64876
Sports_720P-5bfd_crf_10_ss_00_t_20.0.mp4, -1, -1, 9.5
Sports_720P-5e39_crf_10_ss_00_t_20.0.mp4, -1, -1, 7.04527
Sports_720P-5ea4_crf_10_ss_00_t_20.0.mp4, -1, -1, 8.41368
Sports_720P-62ba_crf_10_ss_00_t_20.0.mp4, -1, -1, 5.26361
Sports_720P-675b_crf_10_ss_00_t_20.0.mp4, -1, -1, 5.8476
Sports_720P-69a0_crf_10_ss_00_t_20.0.mp4, -1, -1, 7.52285
Sports_720P-6bb7_crf_10_ss_00_t_20.0.mp4, -1, -1, 7.53275
Sports_720P-6d04_crf_10_ss_00_t_20.0.mp4, -1, -1, 7.28777
Sports_720P-7ba7_crf_10_ss_00_t_20.0.mp4, -1, -1, 6.7508
TelevisionClip_1080P-0604_crf_10_ss_00_t_20.0.mp4, -1, -1, 7.2432300000000005
TelevisionClip_1080P-3758_crf_10_ss_00_t_20.0.mp4, -1, -1, 8.59927
TelevisionClip_1080P-39e3_crf_10_ss_00_t_20.0.mp4, -1, -1, 9.32678
TelevisionClip_1080P-3b9b_crf_10_ss_00_t_20.0.mp4, -1, -1, 8.44585
TelevisionClip_1080P-3d10_crf_10_ss_00_t_20.0.mp4, -1, -1, 7.9534199999999995
TelevisionClip_1080P-3d83_crf_10_ss_00_t_20.0.mp4, -1, -1, 6.29549
TelevisionClip_1080P-3e42_crf_10_ss_00_t_20.0.mp4, -1, -1, 2.8484700000000003
TelevisionClip_1080P-401e_crf_10_ss_00_t_20.0.mp4, -1, -1, 8.38646
TelevisionClip_1080P-4c24_crf_10_ss_00_t_20.0.mp4, -1, -1, 8.65124
TelevisionClip_1080P-4c94_crf_10_ss_00_t_20.0.mp4, -1, -1, 5.54818
TelevisionClip_1080P-525d_crf_10_ss_00_t_20.0.mp4, -1, -1, 8.50029
TelevisionClip_1080P-5278_crf_10_ss_00_t_20.0.mp4, -1, -1, 8.06972
TelevisionClip_1080P-5e68_crf_10_ss_00_t_20.0.mp4, -1, -1, 9.31936
TelevisionClip_1080P-6026_crf_10_ss_00_t_20.0.mp4, -1, -1, 8.85167
TelevisionClip_1080P-6282_crf_10_ss_00_t_20.0.mp4, -1, -1, 8.31718
TelevisionClip_1080P-63e6_crf_10_ss_00_t_20.0.mp4, -1, -1, 8.38894
TelevisionClip_1080P-68c6_crf_10_ss_00_t_20.0.mp4, -1, -1, 9.21295
TelevisionClip_1080P-7eff_crf_10_ss_00_t_20.0.mp4, -1, -1, 8.18108
TelevisionClip_360P-0951_crf_10_ss_00_t_20.0.mp4, -1, -1, 4.14017
TelevisionClip_360P-11d5_crf_10_ss_00_t_20.0.mp4, -1, -1, 4.959239999999999
TelevisionClip_360P-29f1_crf_10_ss_00_t_20.0.mp4, -1, -1, 4.31339
TelevisionClip_360P-3b9a_crf_10_ss_00_t_20.0.mp4, -1, -1, 5.060700000000001
TelevisionClip_360P-74dd_crf_10_ss_00_t_20.0.mp4, -1, -1, 6.78544
TelevisionClip_360P-7b23_crf_10_ss_00_t_20.0.mp4, -1, -1, 5.342789999999999
TelevisionClip_480P-09d8_crf_10_ss_00_t_20.0.mp4, -1, -1, 5.12256
TelevisionClip_480P-0e46_crf_10_ss_00_t_20.0.mp4, -1, -1, 5.05575
TelevisionClip_480P-19d3_crf_10_ss_00_t_20.0.mp4, -1, -1, 6.44396
TelevisionClip_480P-1b49_crf_10_ss_00_t_20.0.mp4, -1, -1, 5.80306
TelevisionClip_480P-27ca_crf_10_ss_00_t_20.0.mp4, -1, -1, 6.52562
TelevisionClip_480P-280f_crf_10_ss_00_t_20.0.mp4, -1, -1, 6.5602599999999995
TelevisionClip_480P-2ead_crf_10_ss_00_t_20.0.mp4, -1, -1, 3.7937399999999997
TelevisionClip_480P-30b6_crf_10_ss_00_t_20.0.mp4, -1, -1, 4.38268
TelevisionClip_480P-3284_crf_10_ss_00_t_20.0.mp4, -1, -1, 5.76841
TelevisionClip_480P-3617_crf_10_ss_00_t_20.0.mp4, -1, -1, 3.6477399999999998
TelevisionClip_480P-373d_crf_10_ss_00_t_20.0.mp4, -1, -1, 5.4591
TelevisionClip_480P-3c64_crf_10_ss_00_t_20.0.mp4, -1, -1, 6.4786
TelevisionClip_480P-415c_crf_10_ss_00_t_20.0.mp4, -1, -1, 6.69636
TelevisionClip_480P-436c_crf_10_ss_00_t_20.0.mp4, -1, -1, 4.91223
TelevisionClip_480P-4c6b_crf_10_ss_00_t_20.0.mp4, -1, -1, 7.453570000000001
TelevisionClip_480P-59f0_crf_10_ss_00_t_20.0.mp4, -1, -1, 5.0928700000000005
TelevisionClip_480P-723e_crf_10_ss_00_t_20.0.mp4, -1, -1, 5.05822
TelevisionClip_720P-1862_crf_10_ss_00_t_20.0.mp4, -1, -1, 5.93916
TelevisionClip_720P-19de_crf_10_ss_00_t_20.0.mp4, -1, -1, 8.68093
TelevisionClip_720P-1b61_crf_10_ss_00_t_20.0.mp4, -1, -1, 8.56463
TelevisionClip_720P-31ce_crf_10_ss_00_t_20.0.mp4, -1, -1, 8.62649
TelevisionClip_720P-3f4c_crf_10_ss_00_t_20.0.mp4, -1, -1, 4.15007
TelevisionClip_720P-44d1_crf_10_ss_00_t_20.0.mp4, -1, -1, 7.42635
TelevisionClip_720P-4af1_crf_10_ss_00_t_20.0.mp4, -1, -1, 5.8772899999999995
TelevisionClip_720P-4edb_crf_10_ss_00_t_20.0.mp4, -1, -1, 7.86186
TelevisionClip_720P-5e93_crf_10_ss_00_t_20.0.mp4, -1, -1, 8.54731
TelevisionClip_720P-7c06_crf_10_ss_00_t_20.0.mp4, -1, -1, 8.80466
VerticalVideo_1080P-04d4_crf_10_ss_00_t_20.0.mp4, -1, -1, 8.19592
VerticalVideo_1080P-1105_crf_10_ss_00_t_20.0.mp4, -1, -1, 7.39913
VerticalVideo_1080P-1ac1_crf_10_ss_00_t_20.0.mp4, -1, -1, 7.77278
VerticalVideo_1080P-1c86_crf_10_ss_00_t_20.0.mp4, -1, -1, 2.4995600000000002
VerticalVideo_1080P-2195_crf_10_ss_00_t_20.0.mp4, -1, -1, 5.080489999999999
VerticalVideo_1080P-2f00_crf_10_ss_00_t_20.0.mp4, -1, -1, 8.71557
VerticalVideo_1080P-34ba_crf_10_ss_00_t_20.0.mp4, -1, -1, 6.29549
VerticalVideo_1080P-360f_crf_10_ss_00_t_20.0.mp4, -1, -1, 8.29243
VerticalVideo_1080P-3709_crf_10_ss_00_t_20.0.mp4, -1, -1, 8.7329
VerticalVideo_1080P-3a9b_crf_10_ss_00_t_20.0.mp4, -1, -1, 8.89374
VerticalVideo_1080P-3d96_crf_10_ss_00_t_20.0.mp4, -1, -1, 8.94323
VerticalVideo_1080P-4591_crf_10_ss_00_t_20.0.mp4, -1, -1, 6.436539999999999
VerticalVideo_1080P-4925_crf_10_ss_00_t_20.0.mp4, -1, -1, 9.052109999999999
VerticalVideo_1080P-4b92_crf_10_ss_00_t_20.0.mp4, -1, -1, 8.11921
VerticalVideo_1080P-4da5_crf_10_ss_00_t_20.0.mp4, -1, -1, 8.4607
VerticalVideo_1080P-6e19_crf_10_ss_00_t_20.0.mp4, -1, -1, 4.95429
VerticalVideo_1080P-73b6_crf_10_ss_00_t_20.0.mp4, -1, -1, 7.90888
VerticalVideo_1080P-766b_crf_10_ss_00_t_20.0.mp4, -1, -1, 6.1049500000000005
VerticalVideo_1080P-7c5c_crf_10_ss_00_t_20.0.mp4, -1, -1, 7.28035
VerticalVideo_1080P-7cf3_crf_10_ss_00_t_20.0.mp4, -1, -1, 7.71339
VerticalVideo_2160P-6d62_crf_10_ss_00_t_20.0.mp4, -1, -1, 8.31718
VerticalVideo_360P-0d29_crf_10_ss_00_t_20.0.mp4, -1, -1, 4.87758
VerticalVideo_360P-1424_crf_10_ss_00_t_20.0.mp4, -1, -1, 7.16157
VerticalVideo_360P-145e_crf_10_ss_00_t_20.0.mp4, -1, -1, 4.37525
VerticalVideo_360P-2bb0_crf_10_ss_00_t_20.0.mp4, -1, -1, 5.53086
VerticalVideo_360P-2fa3_crf_10_ss_00_t_20.0.mp4, -1, -1, 8.64381
VerticalVideo_360P-3936_crf_10_ss_00_t_20.0.mp4, -1, -1, 7.31499
VerticalVideo_360P-3b4e_crf_10_ss_00_t_20.0.mp4, -1, -1, 6.77555
VerticalVideo_360P-42f1_crf_10_ss_00_t_20.0.mp4, -1, -1, 6.842359999999999
VerticalVideo_360P-52c1_crf_10_ss_00_t_20.0.mp4, -1, -1, 3.74672
VerticalVideo_360P-5429_crf_10_ss_00_t_20.0.mp4, -1, -1, 6.87453
VerticalVideo_360P-54f7_crf_10_ss_00_t_20.0.mp4, -1, -1, 8.186029999999999
VerticalVideo_360P-579c_crf_10_ss_00_t_20.0.mp4, -1, -1, 5.493740000000001
VerticalVideo_360P-634f_crf_10_ss_00_t_20.0.mp4, -1, -1, 9.118920000000001
VerticalVideo_360P-6490_crf_10_ss_00_t_20.0.mp4, -1, -1, 5.28341
VerticalVideo_360P-694d_crf_10_ss_00_t_20.0.mp4, -1, -1, 6.473649999999999
VerticalVideo_360P-6ff2_crf_10_ss_00_t_20.0.mp4, -1, -1, 6.69389
VerticalVideo_360P-70a9_crf_10_ss_00_t_20.0.mp4, -1, -1, 4.88996
VerticalVideo_360P-7ba8_crf_10_ss_00_t_20.0.mp4, -1, -1, 6.74338
VerticalVideo_360P-7ec3_crf_10_ss_00_t_20.0.mp4, -1, -1, 7.599559999999999
VerticalVideo_480P-1bb9_crf_10_ss_00_t_20.0.mp4, -1, -1, 7.3917
VerticalVideo_480P-2aa1_crf_10_ss_00_t_20.0.mp4, -1, -1, 8.819510000000001
VerticalVideo_480P-2fa4_crf_10_ss_00_t_20.0.mp4, -1, -1, 8.15386
VerticalVideo_480P-34b9_crf_10_ss_00_t_20.0.mp4, -1, -1, 6.6542900000000005
VerticalVideo_480P-3a6a_crf_10_ss_00_t_20.0.mp4, -1, -1, 8.658660000000001
VerticalVideo_480P-419c_crf_10_ss_00_t_20.0.mp4, -1, -1, 7.28035
VerticalVideo_480P-467e_crf_10_ss_00_t_20.0.mp4, -1, -1, 6.29796
VerticalVideo_480P-51b7_crf_10_ss_00_t_20.0.mp4, -1, -1, 3.61557
VerticalVideo_480P-550d_crf_10_ss_00_t_20.0.mp4, -1, -1, 7.40902
VerticalVideo_480P-572a_crf_10_ss_00_t_20.0.mp4, -1, -1, 6.5850100000000005
VerticalVideo_480P-7278_crf_10_ss_00_t_20.0.mp4, -1, -1, 5.362590000000001
VerticalVideo_480P-729c_crf_10_ss_00_t_20.0.mp4, -1, -1, 6.85721
VerticalVideo_480P-790a_crf_10_ss_00_t_20.0.mp4, -1, -1, 8.43843
VerticalVideo_720P-0750_crf_10_ss_00_t_20.0.mp4, -1, -1, 7.107130000000001
VerticalVideo_720P-0dac_crf_10_ss_00_t_20.0.mp4, -1, -1, 5.1869
VerticalVideo_720P-0f61_crf_10_ss_00_t_20.0.mp4, -1, -1, 9.11645
VerticalVideo_720P-19fa_crf_10_ss_00_t_20.0.mp4, -1, -1, 8.49039
VerticalVideo_720P-1ada_crf_10_ss_00_t_20.0.mp4, -1, -1, 6.66667
VerticalVideo_720P-2efc_crf_10_ss_00_t_20.0.mp4, -1, -1, 6.6444
VerticalVideo_720P-3df7_crf_10_ss_00_t_20.0.mp4, -1, -1, 6.839880000000001
VerticalVideo_720P-42f2_crf_10_ss_00_t_20.0.mp4, -1, -1, 5.842650000000001
VerticalVideo_720P-44de_crf_10_ss_00_t_20.0.mp4, -1, -1, 8.470600000000001
VerticalVideo_720P-456c_crf_10_ss_00_t_20.0.mp4, -1, -1, 7.10961
VerticalVideo_720P-4730_crf_10_ss_00_t_20.0.mp4, -1, -1, 8.08952
VerticalVideo_720P-4ca7_crf_10_ss_00_t_20.0.mp4, -1, -1, 8.91849
VerticalVideo_720P-57eb_crf_10_ss_00_t_20.0.mp4, -1, -1, 7.99301
VerticalVideo_720P-6580_crf_10_ss_00_t_20.0.mp4, -1, -1, 5.2982499999999995
VerticalVideo_720P-665d_crf_10_ss_00_t_20.0.mp4, -1, -1, 7.88166
VerticalVideo_720P-669d_crf_10_ss_00_t_20.0.mp4, -1, -1, 8.26026
VerticalVideo_720P-6bf7_crf_10_ss_00_t_20.0.mp4, -1, -1, 8.470600000000001
VerticalVideo_720P-7517_crf_10_ss_00_t_20.0.mp4, -1, -1, 8.49534
VerticalVideo_720P-7859_crf_10_ss_00_t_20.0.mp4, -1, -1, 6.842359999999999
VerticalVideo_720P-7c1d_crf_10_ss_00_t_20.0.mp4, -1, -1, 9.06696
Vlog_1080P-010b_crf_10_ss_00_t_20.0.mp4, -1, -1, 8.28253
Vlog_1080P-1609_crf_10_ss_00_t_20.0.mp4, -1, -1, 4.18224
Vlog_1080P-18da_crf_10_ss_00_t_20.0.mp4, -1, -1, 8.91849
Vlog_1080P-19bb_crf_10_ss_00_t_20.0.mp4, -1, -1, 5.53828
Vlog_1080P-1a53_crf_10_ss_00_t_20.0.mp4, -1, -1, 8.99767
Vlog_1080P-1df9_crf_10_ss_00_t_20.0.mp4, -1, -1, 8.15633
Vlog_1080P-1e70_crf_10_ss_00_t_20.0.mp4, -1, -1, 3.96943
Vlog_1080P-1f0a_crf_10_ss_00_t_20.0.mp4, -1, -1, 7.5080100000000005
Vlog_1080P-21f5_crf_10_ss_00_t_20.0.mp4, -1, -1, 6.15939
Vlog_1080P-2394_crf_10_ss_00_t_20.0.mp4, -1, -1, 9.41092
Vlog_1080P-23cb_crf_10_ss_00_t_20.0.mp4, -1, -1, 5.5209600000000005
Vlog_1080P-25de_crf_10_ss_00_t_20.0.mp4, -1, -1, 2.6628800000000004
Vlog_1080P-2600_crf_10_ss_00_t_20.0.mp4, -1, -1, 7.53275
Vlog_1080P-26dc_crf_10_ss_00_t_20.0.mp4, -1, -1, 7.04527
Vlog_1080P-2cda_crf_10_ss_00_t_20.0.mp4, -1, -1, 8.88632
Vlog_1080P-34cb_crf_10_ss_00_t_20.0.mp4, -1, -1, 3.9347900000000005
Vlog_1080P-35cd_crf_10_ss_00_t_20.0.mp4, -1, -1, 5.83523
Vlog_1080P-3744_crf_10_ss_00_t_20.0.mp4, -1, -1, 7.696070000000001
Vlog_1080P-45c9_crf_10_ss_00_t_20.0.mp4, -1, -1, 5.0730699999999995
Vlog_1080P-4921_crf_10_ss_00_t_20.0.mp4, -1, -1, 7.90146
Vlog_1080P-4ba9_crf_10_ss_00_t_20.0.mp4, -1, -1, 7.59709
Vlog_1080P-4f26_crf_10_ss_00_t_20.0.mp4, -1, -1, 7.730709999999999
Vlog_1080P-52fe_crf_10_ss_00_t_20.0.mp4, -1, -1, 7.42387
Vlog_1080P-5904_crf_10_ss_00_t_20.0.mp4, -1, -1, 8.72795
Vlog_1080P-5f28_crf_10_ss_00_t_20.0.mp4, -1, -1, 4.88253
Vlog_1080P-62fc_crf_10_ss_00_t_20.0.mp4, -1, -1, 8.45575
Vlog_1080P-64b6_crf_10_ss_00_t_20.0.mp4, -1, -1, 8.29985
Vlog_1080P-6686_crf_10_ss_00_t_20.0.mp4, -1, -1, 7.64163
Vlog_1080P-687a_crf_10_ss_00_t_20.0.mp4, -1, -1, 6.275690000000001
Vlog_1080P-7062_crf_10_ss_00_t_20.0.mp4, -1, -1, 7.68617
Vlog_1080P-7b67_crf_10_ss_00_t_20.0.mp4, -1, -1, 5.694179999999999
Vlog_1080P-7e8c_crf_10_ss_00_t_20.0.mp4, -1, -1, 5.45415
Vlog_2160P-030a_crf_10_ss_00_t_20.0.mp4, -1, -1, 3.98428
Vlog_2160P-0577_crf_10_ss_00_t_20.0.mp4, -1, -1, 8.49287
Vlog_2160P-059c_crf_10_ss_00_t_20.0.mp4, -1, -1, 8.91601
Vlog_2160P-09c9_crf_10_ss_00_t_20.0.mp4, -1, -1, 5.043379999999999
Vlog_2160P-13a1_crf_10_ss_00_t_20.0.mp4, -1, -1, 7.47584
Vlog_2160P-13fe_crf_10_ss_00_t_20.0.mp4, -1, -1, 7.804950000000001
Vlog_2160P-19f9_crf_10_ss_00_t_20.0.mp4, -1, -1, 7.6243099999999995
Vlog_2160P-1ff6_crf_10_ss_00_t_20.0.mp4, -1, -1, 6.06783
Vlog_2160P-255c_crf_10_ss_00_t_20.0.mp4, -1, -1, 8.920960000000001
Vlog_2160P-2953_crf_10_ss_00_t_20.0.mp4, -1, -1, 6.50582
Vlog_2160P-2b2d_crf_10_ss_00_t_20.0.mp4, -1, -1, 7.5921400000000006
Vlog_2160P-3019_crf_10_ss_00_t_20.0.mp4, -1, -1, 9.25502
Vlog_2160P-310b_crf_10_ss_00_t_20.0.mp4, -1, -1, 7.47089
Vlog_2160P-327a_crf_10_ss_00_t_20.0.mp4, -1, -1, 7.782679999999999
Vlog_2160P-342a_crf_10_ss_00_t_20.0.mp4, -1, -1, 8.61907
Vlog_2160P-3a75_crf_10_ss_00_t_20.0.mp4, -1, -1, 8.34934
Vlog_2160P-408f_crf_10_ss_00_t_20.0.mp4, -1, -1, 7.30509
Vlog_2160P-416c_crf_10_ss_00_t_20.0.mp4, -1, -1, 7.87176
Vlog_2160P-4362_crf_10_ss_00_t_20.0.mp4, -1, -1, 9.19563
Vlog_2160P-4419_crf_10_ss_00_t_20.0.mp4, -1, -1, 8.62649
Vlog_2160P-4655_crf_10_ss_00_t_20.0.mp4, -1, -1, 7.54512
Vlog_2160P-4f98_crf_10_ss_00_t_20.0.mp4, -1, -1, 6.51325
Vlog_2160P-522f_crf_10_ss_00_t_20.0.mp4, -1, -1, 8.62649
Vlog_2160P-56e4_crf_10_ss_00_t_20.0.mp4, -1, -1, 8.53988
Vlog_2160P-5874_crf_10_ss_00_t_20.0.mp4, -1, -1, 8.074670000000001
Vlog_2160P-62b2_crf_10_ss_00_t_20.0.mp4, -1, -1, 6.31528
Vlog_2160P-6629_crf_10_ss_00_t_20.0.mp4, -1, -1, 8.49287
Vlog_2160P-6f92_crf_10_ss_00_t_20.0.mp4, -1, -1, 7.54265
Vlog_2160P-700c_crf_10_ss_00_t_20.0.mp4, -1, -1, 7.53028
Vlog_2160P-70d6_crf_10_ss_00_t_20.0.mp4, -1, -1, 5.51601
Vlog_2160P-7324_crf_10_ss_00_t_20.0.mp4, -1, -1, 8.3048
Vlog_2160P-77d8_crf_10_ss_00_t_20.0.mp4, -1, -1, 7.000729999999999
Vlog_2160P-7b10_crf_10_ss_00_t_20.0.mp4, -1, -1, 7.48821
Vlog_2160P-7b5c_crf_10_ss_00_t_20.0.mp4, -1, -1, 6.85968
Vlog_2160P-7bfb_crf_10_ss_00_t_20.0.mp4, -1, -1, 8.3345
Vlog_2160P-7f05_crf_10_ss_00_t_20.0.mp4, -1, -1, 5.624890000000001
Vlog_360P-1e5b_crf_10_ss_00_t_20.0.mp4, -1, -1, 6.00844
Vlog_360P-22a0_crf_10_ss_00_t_20.0.mp4, -1, -1, 6.057930000000001
Vlog_360P-2973_crf_10_ss_00_t_20.0.mp4, -1, -1, 5.10771
Vlog_360P-2e9d_crf_10_ss_00_t_20.0.mp4, -1, -1, 4.72169
Vlog_360P-3121_crf_10_ss_00_t_20.0.mp4, -1, -1, 4.79345
Vlog_360P-3bc2_crf_10_ss_00_t_20.0.mp4, -1, -1, 7.68617
Vlog_360P-433e_crf_10_ss_00_t_20.0.mp4, -1, -1, 5.8401700000000005
Vlog_360P-4697_crf_10_ss_00_t_20.0.mp4, -1, -1, 6.71368
Vlog_360P-4795_crf_10_ss_00_t_20.0.mp4, -1, -1, 4.06099
Vlog_360P-4ad1_crf_10_ss_00_t_20.0.mp4, -1, -1, 5.389810000000001
Vlog_360P-4d71_crf_10_ss_00_t_20.0.mp4, -1, -1, 5.47889
Vlog_360P-6279_crf_10_ss_00_t_20.0.mp4, -1, -1, 5.9936
Vlog_360P-7334_crf_10_ss_00_t_20.0.mp4, -1, -1, 6.00844
Vlog_360P-76ae_crf_10_ss_00_t_20.0.mp4, -1, -1, 4.37525
Vlog_360P-7efe_crf_10_ss_00_t_20.0.mp4, -1, -1, 5.13246
Vlog_480P-08c7_crf_10_ss_00_t_20.0.mp4, -1, -1, 6.81266
Vlog_480P-0980_crf_10_ss_00_t_20.0.mp4, -1, -1, 4.7439599999999995
Vlog_480P-0ddc_crf_10_ss_00_t_20.0.mp4, -1, -1, 8.01033
Vlog_480P-1b39_crf_10_ss_00_t_20.0.mp4, -1, -1, 3.67991
Vlog_480P-206f_crf_10_ss_00_t_20.0.mp4, -1, -1, 4.80335
Vlog_480P-279d_crf_10_ss_00_t_20.0.mp4, -1, -1, 6.27322
Vlog_480P-2cad_crf_10_ss_00_t_20.0.mp4, -1, -1, 5.954000000000001
Vlog_480P-34ba_crf_10_ss_00_t_20.0.mp4, -1, -1, 6.9982500000000005
Vlog_480P-476b_crf_10_ss_00_t_20.0.mp4, -1, -1, 6.41674
Vlog_480P-4beb_crf_10_ss_00_t_20.0.mp4, -1, -1, 4.14265
Vlog_480P-5275_crf_10_ss_00_t_20.0.mp4, -1, -1, 5.6471599999999995
Vlog_480P-535d_crf_10_ss_00_t_20.0.mp4, -1, -1, 4.96914
Vlog_480P-59dc_crf_10_ss_00_t_20.0.mp4, -1, -1, 5.85997
Vlog_480P-5dfe_crf_10_ss_00_t_20.0.mp4, -1, -1, 7.32984
Vlog_480P-5e1c_crf_10_ss_00_t_20.0.mp4, -1, -1, 4.31339
Vlog_480P-5ebd_crf_10_ss_00_t_20.0.mp4, -1, -1, 6.926489999999999
Vlog_480P-6395_crf_10_ss_00_t_20.0.mp4, -1, -1, 7.218489999999999
Vlog_480P-6c60_crf_10_ss_00_t_20.0.mp4, -1, -1, 4.08079
Vlog_480P-7237_crf_10_ss_00_t_20.0.mp4, -1, -1, 7.55255
Vlog_480P-7615_crf_10_ss_00_t_20.0.mp4, -1, -1, 4.33071
Vlog_480P-7754_crf_10_ss_00_t_20.0.mp4, -1, -1, 7.68617
Vlog_480P-7d0c_crf_10_ss_00_t_20.0.mp4, -1, -1, 6.77802
Vlog_480P-7ecf_crf_10_ss_00_t_20.0.mp4, -1, -1, 5.10277
Vlog_720P-033a_crf_10_ss_00_t_20.0.mp4, -1, -1, 8.57205
Vlog_720P-03d5_crf_10_ss_00_t_20.0.mp4, -1, -1, 6.84731
Vlog_720P-03f9_crf_10_ss_00_t_20.0.mp4, -1, -1, 7.755459999999999
Vlog_720P-0d79_crf_10_ss_00_t_20.0.mp4, -1, -1, 7.34221
Vlog_720P-1003_crf_10_ss_00_t_20.0.mp4, -1, -1, 6.84483
Vlog_720P-11c5_crf_10_ss_00_t_20.0.mp4, -1, -1, 7.36943
Vlog_720P-135c_crf_10_ss_00_t_20.0.mp4, -1, -1, 7.5080100000000005
Vlog_720P-141f_crf_10_ss_00_t_20.0.mp4, -1, -1, 5.6669599999999996
Vlog_720P-155f_crf_10_ss_00_t_20.0.mp4, -1, -1, 8.6067
Vlog_720P-2929_crf_10_ss_00_t_20.0.mp4, -1, -1, 7.621830000000001
Vlog_720P-329f_crf_10_ss_00_t_20.0.mp4, -1, -1, 7.082389999999999
Vlog_720P-32b2_crf_10_ss_00_t_20.0.mp4, -1, -1, 8.72795
Vlog_720P-343d_crf_10_ss_00_t_20.0.mp4, -1, -1, 7.000729999999999
Vlog_720P-372d_crf_10_ss_00_t_20.0.mp4, -1, -1, 7.94105
Vlog_720P-3e9c_crf_10_ss_00_t_20.0.mp4, -1, -1, 7.53275
Vlog_720P-4e3d_crf_10_ss_00_t_20.0.mp4, -1, -1, 4.71426
Vlog_720P-5364_crf_10_ss_00_t_20.0.mp4, -1, -1, 4.84047
Vlog_720P-55b6_crf_10_ss_00_t_20.0.mp4, -1, -1, 8.34687
Vlog_720P-561e_crf_10_ss_00_t_20.0.mp4, -1, -1, 8.90859
Vlog_720P-5d08_crf_10_ss_00_t_20.0.mp4, -1, -1, 7.28777
Vlog_720P-60f8_crf_10_ss_00_t_20.0.mp4, -1, -1, 8.65371
Vlog_720P-6d56_crf_10_ss_00_t_20.0.mp4, -1, -1, 7.27045
