5032172516.mp4, -1, -1, 3.48
8424428827.mp4, -1, -1, 3.38
12704590184.mp4, -1, -1, 3.9
6296962313.mp4, -1, -1, 2.64
9515797648.mp4, -1, -1, 3.78
4406917423.mp4, -1, -1, 3.18
8331470149.mp4, -1, -1, 3.02
7938991482.mp4, -1, -1, 2.52
8859509880.mp4, -1, -1, 3.94
4313579496.mp4, -1, -1, 3.76
7556474634.mp4, -1, -1, 2.94
8178490084.mp4, -1, -1, 3.42
7521145978.mp4, -1, -1, 3.44
11013388203.mp4, -1, -1, 3.76
7151780093.mp4, -1, -1, 2.6
5310216885.mp4, -1, -1, 2.24
8717647202.mp4, -1, -1, 3.64
6935410837.mp4, -1, -1, 3.24
9725289895.mp4, -1, -1, 3.58
4627984833.mp4, -1, -1, 1.7
8541047953.mp4, -1, -1, 3.28
7425861358.mp4, -1, -1, 3.46
3318634083.mp4, -1, -1, 2.3
10116604143.mp4, -1, -1, 3.08
6953979425.mp4, -1, -1, 3.02
3583315023.mp4, -1, -1, 2.84
3589925544.mp4, -1, -1, 3.16
4979493912.mp4, -1, -1, 3.14
5004709068.mp4, -1, -1, 2.52
6865667129.mp4, -1, -1, 3.3
4809572333.mp4, -1, -1, 3.12
7005478889.mp4, -1, -1, 2.86
8733102851.mp4, -1, -1, 3.08
5893880541.mp4, -1, -1, 2.7
7057951213.mp4, -1, -1, 3.54
3369925072.mp4, -1, -1, 4.02
7177696763.mp4, -1, -1, 4.06
5516081814.mp4, -1, -1, 3.6
5455582932.mp4, -1, -1, 3.352272727
6313200205.mp4, -1, -1, 3.78
7123683275.mp4, -1, -1, 2.06
12032110574.mp4, -1, -1, 2.64
8751538577.mp4, -1, -1, 4.4
8531461869.mp4, -1, -1, 2.72
10602272313.mp4, -1, -1, 3.1
9256674744.mp4, -1, -1, 2.26
5972627544.mp4, -1, -1, 3.04
5880475570.mp4, -1, -1, 2.695652174
5609569195.mp4, -1, -1, 2.82
5078125268.mp4, -1, -1, 2.14
4260295122.mp4, -1, -1, 3.32
10132105415.mp4, -1, -1, 1.64
6304997355.mp4, -1, -1, 3.34
10650618913.mp4, -1, -1, 1.7
5831253770.mp4, -1, -1, 3.84
10691750555.mp4, -1, -1, 2.84
4981160522.mp4, -1, -1, 3.26
5093919014.mp4, -1, -1, 2.26
6178882861.mp4, -1, -1, 2.76
6268902756.mp4, -1, -1, 1.843137255
3861648412.mp4, -1, -1, 2.68
7722155622.mp4, -1, -1, 2.36
4484771725.mp4, -1, -1, 3.62
10925288616.mp4, -1, -1, 1.46
7542896986.mp4, -1, -1, 3.02
5827345790.mp4, -1, -1, 2.66
5493602442.mp4, -1, -1, 2.5
5875944717.mp4, -1, -1, 3.92
6492110563.mp4, -1, -1, 3.92
5263261013.mp4, -1, -1, 2.74
8683385786.mp4, -1, -1, 3.66
6947112934.mp4, -1, -1, 4.18
4323977167.mp4, -1, -1, 3.26
5542380796.mp4, -1, -1, 1.72
5028474013.mp4, -1, -1, 3.52
8484812859.mp4, -1, -1, 3.38
12912266335.mp4, -1, -1, 2.86
6149591212.mp4, -1, -1, 2.14
8007634384.mp4, -1, -1, 2.98
6275674780.mp4, -1, -1, 1.82
4453069241.mp4, -1, -1, 2.92
4735334918.mp4, -1, -1, 2.28
8717841410.mp4, -1, -1, 3.22
8056761129.mp4, -1, -1, 3.12
4991520511.mp4, -1, -1, 1.98
8435518163.mp4, -1, -1, 3.16
3715429501.mp4, -1, -1, 2.9
5690367902.mp4, -1, -1, 3.56
5424989067.mp4, -1, -1, 2.4
3611217365.mp4, -1, -1, 3.6
5611452609.mp4, -1, -1, 3.38
6076608135.mp4, -1, -1, 4.4
8758952624.mp4, -1, -1, 4.3
4567868868.mp4, -1, -1, 3.5
7651248048.mp4, -1, -1, 2.08
6866970306.mp4, -1, -1, 3.32
3218223446.mp4, -1, -1, 2.92
13154058393.mp4, -1, -1, 3.64
9564154386.mp4, -1, -1, 2.1
3407992311.mp4, -1, -1, 4.08
7863416600.mp4, -1, -1, 1.78
5920289173.mp4, -1, -1, 3.44
7361913318.mp4, -1, -1, 2.74
4734666961.mp4, -1, -1, 2.82
6250048696.mp4, -1, -1, 3.08
8967888670.mp4, -1, -1, 3.32
7141804343.mp4, -1, -1, 2.9
5360118581.mp4, -1, -1, 3.2
6123040072.mp4, -1, -1, 2.22
6242642418.mp4, -1, -1, 3.398373984
5816132223.mp4, -1, -1, 3.58
8201673711.mp4, -1, -1, 3.54
5355837503.mp4, -1, -1, 4.1
6849313907.mp4, -1, -1, 3.48
3664548641.mp4, -1, -1, 3.121568627
12123666684.mp4, -1, -1, 4.0
6722692103.mp4, -1, -1, 3.5
9724431856.mp4, -1, -1, 3.84
7192436890.mp4, -1, -1, 2.78
8182527128.mp4, -1, -1, 3.96
5356092090.mp4, -1, -1, 3.22
9802042845.mp4, -1, -1, 3.66
6538025379.mp4, -1, -1, 3.8
5960200024.mp4, -1, -1, 2.52
11907021903.mp4, -1, -1, 2.16
8339870239.mp4, -1, -1, 1.992063492
8052505414.mp4, -1, -1, 3.92
6422437813.mp4, -1, -1, 2.46
5170915466.mp4, -1, -1, 2.88
6830500351.mp4, -1, -1, 2.94
5467704373.mp4, -1, -1, 3.16
10625504535.mp4, -1, -1, 2.1
7548305462.mp4, -1, -1, 2.24
11944451643.mp4, -1, -1, 3.16
6571028091.mp4, -1, -1, 3.16
7760313026.mp4, -1, -1, 3.36
11469243925.mp4, -1, -1, 2.28
5354932311.mp4, -1, -1, 3.480314961
5072411175.mp4, -1, -1, 2.5
6272702003.mp4, -1, -1, 3.5
7344072960.mp4, -1, -1, 2.769874477
5475555707.mp4, -1, -1, 1.74
13276560083.mp4, -1, -1, 3.2
4783174196.mp4, -1, -1, 2.7
6638842709.mp4, -1, -1, 2.94
5266562897.mp4, -1, -1, 2.56
11535683914.mp4, -1, -1, 3.94
3710887216.mp4, -1, -1, 2.92
5669052182.mp4, -1, -1, 3.879844961
5694745216.mp4, -1, -1, 2.66
3359662128.mp4, -1, -1, 3.08
7054450817.mp4, -1, -1, 3.46
5858864133.mp4, -1, -1, 2.48
12893008605.mp4, -1, -1, 3.55465587
6157684615.mp4, -1, -1, 3.36
4907486229.mp4, -1, -1, 2.0
4801560427.mp4, -1, -1, 3.44
6490001399.mp4, -1, -1, 3.36
4723346787.mp4, -1, -1, 3.0
8643275693.mp4, -1, -1, 3.22
4729578673.mp4, -1, -1, 3.28
9765162404.mp4, -1, -1, 2.08
7849542524.mp4, -1, -1, 3.7
8336226077.mp4, -1, -1, 2.08
4526948676.mp4, -1, -1, 3.34
4029116553.mp4, -1, -1, 3.82
4877128768.mp4, -1, -1, 3.42
4375496636.mp4, -1, -1, 3.6
9908050493.mp4, -1, -1, 2.96
6338210961.mp4, -1, -1, 3.08
5590704113.mp4, -1, -1, 3.12
8298917863.mp4, -1, -1, 3.28
3357588876.mp4, -1, -1, 2.96
8147563408.mp4, -1, -1, 3.58
5127033299.mp4, -1, -1, 3.28
3321308714.mp4, -1, -1, 3.04
7892371292.mp4, -1, -1, 3.48
6971497024.mp4, -1, -1, 3.02
8467238180.mp4, -1, -1, 3.18
4573734018.mp4, -1, -1, 3.3
8730797431.mp4, -1, -1, 3.7
7644822866.mp4, -1, -1, 3.78
4834450895.mp4, -1, -1, 1.74
7897815844.mp4, -1, -1, 2.96
8266961231.mp4, -1, -1, 3.14
5562932712.mp4, -1, -1, 3.9
8098521993.mp4, -1, -1, 2.86
6343817087.mp4, -1, -1, 2.64
5668795950.mp4, -1, -1, 2.86
10008004183.mp4, -1, -1, 4.06
9085955167.mp4, -1, -1, 3.2
4980230630.mp4, -1, -1, 3.72
8589300397.mp4, -1, -1, 3.6
12277706754.mp4, -1, -1, 3.5
5579073175.mp4, -1, -1, 3.32
4736973814.mp4, -1, -1, 3.46
6095633507.mp4, -1, -1, 3.48
5215773911.mp4, -1, -1, 3.54
8039356416.mp4, -1, -1, 2.46
8991258489.mp4, -1, -1, 3.86
7548202460.mp4, -1, -1, 3.3
3374751086.mp4, -1, -1, 2.24
4159445902.mp4, -1, -1, 2.52
10500520233.mp4, -1, -1, 2.86
5550087163.mp4, -1, -1, 2.46
7520968610.mp4, -1, -1, 3.1
8728910927.mp4, -1, -1, 2.78
3930579113.mp4, -1, -1, 2.86
9425570317.mp4, -1, -1, 3.0
5487345956.mp4, -1, -1, 3.92
11057110163.mp4, -1, -1, 2.78
12923454185.mp4, -1, -1, 2.88
8670600555.mp4, -1, -1, 3.16
8477990214.mp4, -1, -1, 2.1
5733977738.mp4, -1, -1, 2.06
5465225347.mp4, -1, -1, 3.52
10657154643.mp4, -1, -1, 3.58
5415012877.mp4, -1, -1, 2.42
11237101334.mp4, -1, -1, 2.26
4942462682.mp4, -1, -1, 3.5
3482706595.mp4, -1, -1, 3.2
7992241767.mp4, -1, -1, 3.64
6226852017.mp4, -1, -1, 3.4
13286356624.mp4, -1, -1, 3.6
7820483368.mp4, -1, -1, 2.76
6444142351.mp4, -1, -1, 3.28
5204063512.mp4, -1, -1, 2.94
7585780552.mp4, -1, -1, 3.52
6749780445.mp4, -1, -1, 2.02
5625415555.mp4, -1, -1, 2.08
4299787720.mp4, -1, -1, 2.849802372
5636445745.mp4, -1, -1, 2.52
5935222726.mp4, -1, -1, 1.86
8965205906.mp4, -1, -1, 3.6
4297535685.mp4, -1, -1, 2.86
5706858082.mp4, -1, -1, 3.12
7832506570.mp4, -1, -1, 3.92
4482595368.mp4, -1, -1, 3.86
5075205526.mp4, -1, -1, 3.18
6900620920.mp4, -1, -1, 4.04
7616950966.mp4, -1, -1, 2.66
6109922367.mp4, -1, -1, 3.14
5825661459.mp4, -1, -1, 3.32
5023426388.mp4, -1, -1, 3.32
7935377214.mp4, -1, -1, 3.58
3588022983.mp4, -1, -1, 3.66
3699539878.mp4, -1, -1, 3.14
8459254855.mp4, -1, -1, 2.74
10208239954.mp4, -1, -1, 3.12
8026448058.mp4, -1, -1, 3.44
8002170390.mp4, -1, -1, 2.76
4417558772.mp4, -1, -1, 3.9
8953002659.mp4, -1, -1, 3.9
7481217984.mp4, -1, -1, 3.2
8751856572.mp4, -1, -1, 3.9
4391946048.mp4, -1, -1, 3.3
3770747002.mp4, -1, -1, 1.86
7693986854.mp4, -1, -1, 3.1
5570426341.mp4, -1, -1, 1.56
6346026937.mp4, -1, -1, 2.14
5988574543.mp4, -1, -1, 2.9
8522230898.mp4, -1, -1, 3.34
4067736860.mp4, -1, -1, 3.16
9136867624.mp4, -1, -1, 2.12
5044148124.mp4, -1, -1, 2.18
6946901845.mp4, -1, -1, 3.46
6514514177.mp4, -1, -1, 3.68
6680559525.mp4, -1, -1, 3.3
13255378043.mp4, -1, -1, 3.12
8657921837.mp4, -1, -1, 4.3
3459287580.mp4, -1, -1, 3.5
4414516665.mp4, -1, -1, 3.02
5541058845.mp4, -1, -1, 3.38
4744073127.mp4, -1, -1, 1.42
5806274886.mp4, -1, -1, 2.24
6173852301.mp4, -1, -1, 2.2
9267867823.mp4, -1, -1, 3.84
6273360207.mp4, -1, -1, 3.2
12899309364.mp4, -1, -1, 3.1
7029270875.mp4, -1, -1, 3.94
3488252741.mp4, -1, -1, 3.54
4914377539.mp4, -1, -1, 2.2
3860380907.mp4, -1, -1, 3.6
8195185860.mp4, -1, -1, 3.64
7667993154.mp4, -1, -1, 3.76
4823416929.mp4, -1, -1, 1.98
6621826551.mp4, -1, -1, 3.42
3489123822.mp4, -1, -1, 3.8
8909265380.mp4, -1, -1, 2.78
9521557660.mp4, -1, -1, 3.6
6792979288.mp4, -1, -1, 1.78
12262452854.mp4, -1, -1, 4.24
6041834062.mp4, -1, -1, 3.32
6073473868.mp4, -1, -1, 2.62
6300501644.mp4, -1, -1, 3.4
5020714258.mp4, -1, -1, 2.4
5512609909.mp4, -1, -1, 3.3
8625682550.mp4, -1, -1, 1.84
7274180028.mp4, -1, -1, 3.76
8193379879.mp4, -1, -1, 3.26
6120978816.mp4, -1, -1, 2.04
8486027818.mp4, -1, -1, 3.2
4673672619.mp4, -1, -1, 3.7
7978973307.mp4, -1, -1, 1.78
8320880668.mp4, -1, -1, 2.22
5589046662.mp4, -1, -1, 3.134453782
8483400755.mp4, -1, -1, 1.46
9571377943.mp4, -1, -1, 4.28
4202404174.mp4, -1, -1, 3.14
9248029519.mp4, -1, -1, 2.7
3825035703.mp4, -1, -1, 3.44
4733600732.mp4, -1, -1, 3.48
6775766604.mp4, -1, -1, 2.96
6867937233.mp4, -1, -1, 2.72
6300963347.mp4, -1, -1, 3.58
3591184129.mp4, -1, -1, 2.58
8586743266.mp4, -1, -1, 2.72
3471567822.mp4, -1, -1, 1.52
9651230522.mp4, -1, -1, 2.56
8240363350.mp4, -1, -1, 3.22
3878700690.mp4, -1, -1, 2.74
4236199952.mp4, -1, -1, 2.9
8729280042.mp4, -1, -1, 2.26
7848940332.mp4, -1, -1, 1.86
10340094005.mp4, -1, -1, 3.32
4281880002.mp4, -1, -1, 3.2
7495255120.mp4, -1, -1, 2.42
5693366090.mp4, -1, -1, 3.62
5208145791.mp4, -1, -1, 2.24
8955950667.mp4, -1, -1, 3.66
4545845826.mp4, -1, -1, 3.9
10013374164.mp4, -1, -1, 3.74
4864754515.mp4, -1, -1, 3.12
8299847304.mp4, -1, -1, 2.96
3425371223.mp4, -1, -1, 3.12
4975471705.mp4, -1, -1, 3.78
4901210888.mp4, -1, -1, 2.82
7541374876.mp4, -1, -1, 3.38
6096480589.mp4, -1, -1, 2.4
12682619933.mp4, -1, -1, 3.24
8078127133.mp4, -1, -1, 2.618867925
10408715786.mp4, -1, -1, 3.253731343
8563986596.mp4, -1, -1, 2.94
4801224837.mp4, -1, -1, 3.46
4289215378.mp4, -1, -1, 3.4
3339962845.mp4, -1, -1, 4.64
5357123491.mp4, -1, -1, 3.44
7983363078.mp4, -1, -1, 1.9
12816380173.mp4, -1, -1, 3.28
6916420878.mp4, -1, -1, 2.84
9812197286.mp4, -1, -1, 2.88
9478631712.mp4, -1, -1, 3.706349206
6471207533.mp4, -1, -1, 3.32
8738388681.mp4, -1, -1, 3.8
4871910775.mp4, -1, -1, 2.48
4136131472.mp4, -1, -1, 3.2
8588854353.mp4, -1, -1, 3.88
5266893553.mp4, -1, -1, 1.74
6598948831.mp4, -1, -1, 3.7
4966446054.mp4, -1, -1, 2.26
7175971942.mp4, -1, -1, 2.32
12893918213.mp4, -1, -1, 3.599236641
7197025396.mp4, -1, -1, 3.92
3358799122.mp4, -1, -1, 3.785714286
5307981340.mp4, -1, -1, 3.52
6661657005.mp4, -1, -1, 1.9
13196703974.mp4, -1, -1, 3.48
8251526312.mp4, -1, -1, 2.28
6660107279.mp4, -1, -1, 3.26
6021794037.mp4, -1, -1, 3.02
6294328198.mp4, -1, -1, 2.52
5005236579.mp4, -1, -1, 3.26
7287123594.mp4, -1, -1, 3.48
3343535739.mp4, -1, -1, 2.4
4201416279.mp4, -1, -1, 3.72
9633321480.mp4, -1, -1, 4.08
8772282000.mp4, -1, -1, 3.24
5831807090.mp4, -1, -1, 3.68
9427595515.mp4, -1, -1, 2.06
6844033217.mp4, -1, -1, 3.72
6370967061.mp4, -1, -1, 2.2
10019485755.mp4, -1, -1, 3.7
10314276135.mp4, -1, -1, 3.22
5858312093.mp4, -1, -1, 2.4
4286406568.mp4, -1, -1, 2.96
12330492194.mp4, -1, -1, 3.26
8172276744.mp4, -1, -1, 3.92
6497857295.mp4, -1, -1, 2.38
13042523904.mp4, -1, -1, 3.12
12088104156.mp4, -1, -1, 3.6
10931366544.mp4, -1, -1, 3.64
5668545266.mp4, -1, -1, 2.46
4297792287.mp4, -1, -1, 3.78
6497033987.mp4, -1, -1, 1.8
4971091773.mp4, -1, -1, 2.9
10785115855.mp4, -1, -1, 2.46
3459410764.mp4, -1, -1, 3.692946058
3963620197.mp4, -1, -1, 4.02
4803433208.mp4, -1, -1, 3.823529412
5162398156.mp4, -1, -1, 2.68
9195826668.mp4, -1, -1, 3.16
3904711682.mp4, -1, -1, 3.04
7287459080.mp4, -1, -1, 2.32
5993312864.mp4, -1, -1, 1.72
6937597827.mp4, -1, -1, 3.28
7700672030.mp4, -1, -1, 3.3
13288073854.mp4, -1, -1, 4.1
4335304419.mp4, -1, -1, 3.02
4771991539.mp4, -1, -1, 3.0
7122092993.mp4, -1, -1, 2.88
7550224002.mp4, -1, -1, 2.34
4088281204.mp4, -1, -1, 3.43776824
7734563104.mp4, -1, -1, 2.7
9189459433.mp4, -1, -1, 2.22
10249998364.mp4, -1, -1, 3.4
3337642103.mp4, -1, -1, 3.308641975
8610122536.mp4, -1, -1, 3.58
5653702857.mp4, -1, -1, 2.86
5865474554.mp4, -1, -1, 2.38
4945025836.mp4, -1, -1, 3.32
8097209231.mp4, -1, -1, 3.4
3781419322.mp4, -1, -1, 2.89787234
4363644898.mp4, -1, -1, 3.7
10595581344.mp4, -1, -1, 4.14
7708735292.mp4, -1, -1, 2.46
4211514567.mp4, -1, -1, 2.74
6047579133.mp4, -1, -1, 3.12
4655662252.mp4, -1, -1, 3.94
4397381332.mp4, -1, -1, 3.56
6299595444.mp4, -1, -1, 1.96
9586728257.mp4, -1, -1, 3.56
8729448612.mp4, -1, -1, 2.7
11920895013.mp4, -1, -1, 3.42
8078333220.mp4, -1, -1, 2.6
3533765114.mp4, -1, -1, 2.28
6059786344.mp4, -1, -1, 2.66
12633847193.mp4, -1, -1, 2.92
9494995600.mp4, -1, -1, 2.74
5723108521.mp4, -1, -1, 3.18
5369095478.mp4, -1, -1, 2.6
4996677282.mp4, -1, -1, 2.56
12836715003.mp4, -1, -1, 3.3
7146539585.mp4, -1, -1, 3.4
9098899158.mp4, -1, -1, 3.02
10411421606.mp4, -1, -1, 2.52
4095112467.mp4, -1, -1, 2.4
7198246948.mp4, -1, -1, 3.42
9317770917.mp4, -1, -1, 3.38
8440192357.mp4, -1, -1, 3.92
8257892715.mp4, -1, -1, 1.98
8230249635.mp4, -1, -1, 2.66
6868748154.mp4, -1, -1, 3.26
4897814885.mp4, -1, -1, 2.46
9093682547.mp4, -1, -1, 3.1
8431144343.mp4, -1, -1, 3.82
5641862023.mp4, -1, -1, 3.36
8536800170.mp4, -1, -1, 3.12
12626612584.mp4, -1, -1, 3.1
5279319629.mp4, -1, -1, 3.88
10694139655.mp4, -1, -1, 1.82
6408909511.mp4, -1, -1, 3.26
8667333526.mp4, -1, -1, 2.62
6015938306.mp4, -1, -1, 2.5
6270222640.mp4, -1, -1, 2.32
12355531285.mp4, -1, -1, 4.22
8380926104.mp4, -1, -1, 3.4
10128248563.mp4, -1, -1, 2.86
4652600104.mp4, -1, -1, 3.16
4329911079.mp4, -1, -1, 4.02
6677269327.mp4, -1, -1, 3.72
5363205423.mp4, -1, -1, 3.36
5987864177.mp4, -1, -1, 3.14
3722785424.mp4, -1, -1, 3.571428571
6324422954.mp4, -1, -1, 2.76
8548046708.mp4, -1, -1, 3.36
4956991827.mp4, -1, -1, 2.98
5040855662.mp4, -1, -1, 3.18
9047671138.mp4, -1, -1, 1.98
9089204842.mp4, -1, -1, 3.02
12274927193.mp4, -1, -1, 2.98
4866613201.mp4, -1, -1, 2.2
8222762296.mp4, -1, -1, 1.66
9234105504.mp4, -1, -1, 2.26
6629527951.mp4, -1, -1, 2.25498008
6249802707.mp4, -1, -1, 3.58
6215522900.mp4, -1, -1, 3.48
5391431291.mp4, -1, -1, 4.151851852
6223104346.mp4, -1, -1, 2.56
5564650233.mp4, -1, -1, 3.484251969
4593126957.mp4, -1, -1, 3.1
9455400456.mp4, -1, -1, 2.22
7068941889.mp4, -1, -1, 2.8
8069880437.mp4, -1, -1, 3.64
5340069287.mp4, -1, -1, 3.7
5360605734.mp4, -1, -1, 3.84
5026138416.mp4, -1, -1, 3.22
5893119747.mp4, -1, -1, 4.12
3627681183.mp4, -1, -1, 3.44
5469530975.mp4, -1, -1, 2.9
9618443862.mp4, -1, -1, 2.08
7545358086.mp4, -1, -1, 2.02
6696625151.mp4, -1, -1, 3.1
5777975441.mp4, -1, -1, 2.3
8084631711.mp4, -1, -1, 3.48
4337949901.mp4, -1, -1, 3.34
11359714186.mp4, -1, -1, 2.4
5082292308.mp4, -1, -1, 3.64
8741017589.mp4, -1, -1, 3.676470588
4270576961.mp4, -1, -1, 2.54
12952440214.mp4, -1, -1, 2.5
4279268661.mp4, -1, -1, 3.86
8604343265.mp4, -1, -1, 2.54
6949440526.mp4, -1, -1, 3.92
6929069239.mp4, -1, -1, 2.58
4837816091.mp4, -1, -1, 3.54
8151400613.mp4, -1, -1, 2.98
10636855406.mp4, -1, -1, 3.88
5912268467.mp4, -1, -1, 3.34
6210062524.mp4, -1, -1, 2.78
7983610133.mp4, -1, -1, 3.74
11864752706.mp4, -1, -1, 3.9
5453773681.mp4, -1, -1, 2.24
8156543755.mp4, -1, -1, 3.14
5101801222.mp4, -1, -1, 3.32
5698463243.mp4, -1, -1, 2.96
12623549414.mp4, -1, -1, 3.68
3647017501.mp4, -1, -1, 3.56
3516162818.mp4, -1, -1, 3.6
9086621277.mp4, -1, -1, 3.28
11635304003.mp4, -1, -1, 1.74
6100104774.mp4, -1, -1, 3.16
10027007645.mp4, -1, -1, 3.8
4383007820.mp4, -1, -1, 3.06
5504464599.mp4, -1, -1, 1.94
6065207696.mp4, -1, -1, 2.88
6760172457.mp4, -1, -1, 3.24
8565847545.mp4, -1, -1, 3.08
6874423527.mp4, -1, -1, 2.82
4629711727.mp4, -1, -1, 2.3
6868246166.mp4, -1, -1, 2.68
9095814754.mp4, -1, -1, 3.8
9617144245.mp4, -1, -1, 3.82
9659398278.mp4, -1, -1, 3.3
9144368303.mp4, -1, -1, 2.9
4258186896.mp4, -1, -1, 2.34
6528988807.mp4, -1, -1, 3.94488189
10609570083.mp4, -1, -1, 3.1
7556185878.mp4, -1, -1, 2.82
6469679863.mp4, -1, -1, 2.4
6959318659.mp4, -1, -1, 3.04
6724048499.mp4, -1, -1, 2.56
12439507093.mp4, -1, -1, 2.5
9680817388.mp4, -1, -1, 3.84
11403577283.mp4, -1, -1, 3.06
4328729913.mp4, -1, -1, 3.42
5678628993.mp4, -1, -1, 3.567226891
6671136435.mp4, -1, -1, 3.04
9709640314.mp4, -1, -1, 4.02
6340576433.mp4, -1, -1, 3.46
12816958564.mp4, -1, -1, 2.84
6293871635.mp4, -1, -1, 3.68
6798366426.mp4, -1, -1, 3.84
7518773518.mp4, -1, -1, 4.32
3617102785.mp4, -1, -1, 3.08
3763235915.mp4, -1, -1, 2.343873518
9464591256.mp4, -1, -1, 3.98
8552723245.mp4, -1, -1, 3.58
8372557828.mp4, -1, -1, 2.08
4265466447.mp4, -1, -1, 3.32
6917745987.mp4, -1, -1, 2.4
5149271412.mp4, -1, -1, 2.82
4626131441.mp4, -1, -1, 2.68
5169144673.mp4, -1, -1, 2.98
6809728071.mp4, -1, -1, 3.52
8495275628.mp4, -1, -1, 3.48
4836718842.mp4, -1, -1, 2.64
5079146602.mp4, -1, -1, 3.5
10541657773.mp4, -1, -1, 3.74
8679156964.mp4, -1, -1, 3.8
5460258278.mp4, -1, -1, 2.18
4582086726.mp4, -1, -1, 3.14
8688311915.mp4, -1, -1, 2.98
5717841095.mp4, -1, -1, 3.02
4273096444.mp4, -1, -1, 3.98
6694501209.mp4, -1, -1, 2.92
7633708420.mp4, -1, -1, 2.78
8918155991.mp4, -1, -1, 3.46
9058636581.mp4, -1, -1, 1.82
6416725133.mp4, -1, -1, 3.76
8031519344.mp4, -1, -1, 3.3
5633788395.mp4, -1, -1, 3.04
3699089579.mp4, -1, -1, 3.38
12567402335.mp4, -1, -1, 1.8
8317937019.mp4, -1, -1, 2.48
7236880666.mp4, -1, -1, 3.5
4779773181.mp4, -1, -1, 4.14
5786034294.mp4, -1, -1, 3.0
9480678073.mp4, -1, -1, 4.04
8479364057.mp4, -1, -1, 2.74
10533906564.mp4, -1, -1, 3.24
5295005655.mp4, -1, -1, 2.72
5115335471.mp4, -1, -1, 2.16
6319757818.mp4, -1, -1, 3.38
5754220740.mp4, -1, -1, 2.74
6669111911.mp4, -1, -1, 3.2
4033322131.mp4, -1, -1, 2.86
12461764004.mp4, -1, -1, 2.16
5805360253.mp4, -1, -1, 2.58
12378508014.mp4, -1, -1, 4.035573123
11646665363.mp4, -1, -1, 3.7
7358630018.mp4, -1, -1, 3.6
7879889838.mp4, -1, -1, 2.76
9000209228.mp4, -1, -1, 2.1
5134310379.mp4, -1, -1, 2.12
6135877141.mp4, -1, -1, 2.82
4265470174.mp4, -1, -1, 1.56
5010279097.mp4, -1, -1, 3.268907563
8442879599.mp4, -1, -1, 3.74
4850105788.mp4, -1, -1, 3.06
4615948555.mp4, -1, -1, 3.02
8689455432.mp4, -1, -1, 2.68
6368379561.mp4, -1, -1, 3.54
5223525504.mp4, -1, -1, 3.08
8536919744.mp4, -1, -1, 1.22
5996750151.mp4, -1, -1, 3.0
10406095776.mp4, -1, -1, 2.62
9536307250.mp4, -1, -1, 3.16
5043852749.mp4, -1, -1, 1.84
5649370618.mp4, -1, -1, 2.9
7532463480.mp4, -1, -1, 2.792828685
10283826203.mp4, -1, -1, 4.14
9390723258.mp4, -1, -1, 3.8
8491617830.mp4, -1, -1, 3.5
5140332158.mp4, -1, -1, 3.58
5346134105.mp4, -1, -1, 2.46
6985991227.mp4, -1, -1, 1.62
4283455837.mp4, -1, -1, 3.68
9542585542.mp4, -1, -1, 3.82
8643336872.mp4, -1, -1, 1.68
10238939436.mp4, -1, -1, 2.58
3015973424.mp4, -1, -1, 3.1
5756899543.mp4, -1, -1, 3.7
5459565205.mp4, -1, -1, 3.52
5539585646.mp4, -1, -1, 3.26
5956380805.mp4, -1, -1, 3.46
6740483069.mp4, -1, -1, 2.2421875
8415984918.mp4, -1, -1, 2.38
3179649855.mp4, -1, -1, 2.88
6323632937.mp4, -1, -1, 1.82
5900513019.mp4, -1, -1, 3.231660232
5947649803.mp4, -1, -1, 3.42
8701032421.mp4, -1, -1, 4.02
4184711791.mp4, -1, -1, 3.28
8587384006.mp4, -1, -1, 3.74
10716551125.mp4, -1, -1, 2.22
8773297527.mp4, -1, -1, 3.72
10244479353.mp4, -1, -1, 4.14
5921571324.mp4, -1, -1, 3.24
6914710581.mp4, -1, -1, 4.0
5341444640.mp4, -1, -1, 3.68
5214650735.mp4, -1, -1, 3.18
8207372644.mp4, -1, -1, 3.24
3504083604.mp4, -1, -1, 2.38
8699104416.mp4, -1, -1, 2.48
6864942042.mp4, -1, -1, 2.72
4506003922.mp4, -1, -1, 2.36
5206708965.mp4, -1, -1, 3.28
6131895268.mp4, -1, -1, 1.94
3860907449.mp4, -1, -1, 3.54
5419510404.mp4, -1, -1, 2.26
6879288904.mp4, -1, -1, 2.78
8731237129.mp4, -1, -1, 2.48
5011231037.mp4, -1, -1, 3.62195122
11540616946.mp4, -1, -1, 4.08
3521396571.mp4, -1, -1, 3.54
4321531777.mp4, -1, -1, 1.82
9209826160.mp4, -1, -1, 3.34
10178280003.mp4, -1, -1, 1.7
7622034108.mp4, -1, -1, 3.44
6107338487.mp4, -1, -1, 3.62
9917916796.mp4, -1, -1, 4.04
7453163014.mp4, -1, -1, 3.02
5561000398.mp4, -1, -1, 2.88
10672253555.mp4, -1, -1, 1.614785992
6648629457.mp4, -1, -1, 3.42
7834396986.mp4, -1, -1, 3.3
6838572151.mp4, -1, -1, 2.6
5927908371.mp4, -1, -1, 1.6
8976267501.mp4, -1, -1, 3.0
5489207006.mp4, -1, -1, 4.04
5869559051.mp4, -1, -1, 2.3
4970624827.mp4, -1, -1, 1.66
6027407703.mp4, -1, -1, 3.68
5506184490.mp4, -1, -1, 2.04
8527434285.mp4, -1, -1, 2.02
7962972726.mp4, -1, -1, 2.18
7123482247.mp4, -1, -1, 3.258064516
5621374631.mp4, -1, -1, 2.52
8933125503.mp4, -1, -1, 2.4
6079875162.mp4, -1, -1, 1.6
3496871384.mp4, -1, -1, 2.08
8403451337.mp4, -1, -1, 2.78
8152764264.mp4, -1, -1, 3.14
12279842993.mp4, -1, -1, 3.72
5218188823.mp4, -1, -1, 3.0
5319047612.mp4, -1, -1, 1.346863469
3819966572.mp4, -1, -1, 3.72
7173586391.mp4, -1, -1, 2.74
6804829908.mp4, -1, -1, 2.96
5412442677.mp4, -1, -1, 2.3
11435365925.mp4, -1, -1, 2.6
8217524401.mp4, -1, -1, 2.58
4889669313.mp4, -1, -1, 2.52
6408325533.mp4, -1, -1, 1.26
7383994638.mp4, -1, -1, 3.74
4472493392.mp4, -1, -1, 2.38
8632107216.mp4, -1, -1, 2.32
4557456762.mp4, -1, -1, 3.24
5660712402.mp4, -1, -1, 3.82
3948863216.mp4, -1, -1, 3.62
5790468384.mp4, -1, -1, 2.36
6554989029.mp4, -1, -1, 2.68
8331955206.mp4, -1, -1, 3.84
6416687735.mp4, -1, -1, 3.36
6012598017.mp4, -1, -1, 3.36
5115193359.mp4, -1, -1, 3.08
10804894696.mp4, -1, -1, 3.12
10102107193.mp4, -1, -1, 2.18
6812062788.mp4, -1, -1, 2.52
8072548302.mp4, -1, -1, 3.02
5338017301.mp4, -1, -1, 3.8
12255205254.mp4, -1, -1, 3.96
5705527370.mp4, -1, -1, 3.74
5526460224.mp4, -1, -1, 3.38
6184163826.mp4, -1, -1, 1.52
4227960041.mp4, -1, -1, 3.66
10417424703.mp4, -1, -1, 1.88
7969995368.mp4, -1, -1, 3.04
4639129836.mp4, -1, -1, 2.06
6932589551.mp4, -1, -1, 3.62
8562619627.mp4, -1, -1, 4.26
9812351333.mp4, -1, -1, 3.74
9513903384.mp4, -1, -1, 4.04
8069868772.mp4, -1, -1, 3.32
5218123691.mp4, -1, -1, 3.04
12382276334.mp4, -1, -1, 3.586872587
5882410880.mp4, -1, -1, 3.52
9524637688.mp4, -1, -1, 2.58
5553355582.mp4, -1, -1, 2.22
6096558457.mp4, -1, -1, 2.6
10864372176.mp4, -1, -1, 3.14
4969714039.mp4, -1, -1, 3.08
5048882871.mp4, -1, -1, 1.84
5636101558.mp4, -1, -1, 2.26
5150451769.mp4, -1, -1, 1.84
8476574247.mp4, -1, -1, 3.58
5974403907.mp4, -1, -1, 3.1
4620516469.mp4, -1, -1, 3.52
9717753449.mp4, -1, -1, 2.36
12020933633.mp4, -1, -1, 3.36
5212573386.mp4, -1, -1, 3.74
5564209652.mp4, -1, -1, 2.46
8387302863.mp4, -1, -1, 3.3
5268797415.mp4, -1, -1, 2.44
8591330227.mp4, -1, -1, 2.36
8366966088.mp4, -1, -1, 2.84
5458000924.mp4, -1, -1, 3.06
9369433766.mp4, -1, -1, 1.52
4879585643.mp4, -1, -1, 1.84
6995540661.mp4, -1, -1, 3.18
4876943348.mp4, -1, -1, 3.06
7177427229.mp4, -1, -1, 2.48
9298912586.mp4, -1, -1, 2.5
9726323401.mp4, -1, -1, 3.272
6058824138.mp4, -1, -1, 2.74
12758594775.mp4, -1, -1, 2.94
7917797604.mp4, -1, -1, 2.105660377
8331282929.mp4, -1, -1, 3.76
8118947664.mp4, -1, -1, 3.76
4177089041.mp4, -1, -1, 1.66
12099271596.mp4, -1, -1, 2.4
10053703034.mp4, -1, -1, 3.46
5245445672.mp4, -1, -1, 3.38
5319413177.mp4, -1, -1, 2.48
7547384258.mp4, -1, -1, 2.44
4933934170.mp4, -1, -1, 1.96
9459232387.mp4, -1, -1, 3.04
6291796040.mp4, -1, -1, 3.3
10115791113.mp4, -1, -1, 3.68
5143368697.mp4, -1, -1, 3.1
6806699713.mp4, -1, -1, 3.76
6812860936.mp4, -1, -1, 2.88
7517202292.mp4, -1, -1, 2.38
6847647728.mp4, -1, -1, 3.68
6971905222.mp4, -1, -1, 2.6
9830655414.mp4, -1, -1, 3.56
8587203405.mp4, -1, -1, 3.54
4775312025.mp4, -1, -1, 2.08
3810054574.mp4, -1, -1, 3.38
7954124226.mp4, -1, -1, 3.8
8915047035.mp4, -1, -1, 3.68
3590551873.mp4, -1, -1, 2.7
7500126174.mp4, -1, -1, 3.6
5962679589.mp4, -1, -1, 1.86
11617643563.mp4, -1, -1, 3.4
9387089233.mp4, -1, -1, 2.68
5632758635.mp4, -1, -1, 3.64
5815295661.mp4, -1, -1, 3.06
8171831850.mp4, -1, -1, 4.444029851
6313769652.mp4, -1, -1, 3.82
10016324794.mp4, -1, -1, 2.96
3561516939.mp4, -1, -1, 2.44
8069024908.mp4, -1, -1, 2.12
11673027224.mp4, -1, -1, 3.32
5479646341.mp4, -1, -1, 3.02
8724380666.mp4, -1, -1, 1.4
6279406877.mp4, -1, -1, 3.5
3263720175.mp4, -1, -1, 3.04
4020832533.mp4, -1, -1, 2.948616601
7136906983.mp4, -1, -1, 2.4
6104508040.mp4, -1, -1, 3.08
8253260683.mp4, -1, -1, 3.08
6238991743.mp4, -1, -1, 1.68
5956265529.mp4, -1, -1, 2.04
6061346837.mp4, -1, -1, 2.78
8124951690.mp4, -1, -1, 3.06
5009379117.mp4, -1, -1, 2.299595142
5246827285.mp4, -1, -1, 3.16
5440091902.mp4, -1, -1, 3.0
6021943274.mp4, -1, -1, 3.14
6210381577.mp4, -1, -1, 3.22
8731159058.mp4, -1, -1, 2.2
8986658663.mp4, -1, -1, 3.2
5490599661.mp4, -1, -1, 2.88
8663100289.mp4, -1, -1, 2.034883721
7547764246.mp4, -1, -1, 3.28
5154464760.mp4, -1, -1, 3.86
8440795977.mp4, -1, -1, 2.28
7591242800.mp4, -1, -1, 3.16
10521676086.mp4, -1, -1, 2.88
8235549337.mp4, -1, -1, 2.66
4573266245.mp4, -1, -1, 2.58
4915461487.mp4, -1, -1, 2.24
4161940753.mp4, -1, -1, 3.66
6794539977.mp4, -1, -1, 3.4
5003283158.mp4, -1, -1, 2.78
7959542546.mp4, -1, -1, 2.64
9277742312.mp4, -1, -1, 3.4
7246583832.mp4, -1, -1, 2.86
6212970517.mp4, -1, -1, 2.06
5134417428.mp4, -1, -1, 2.26
6060761361.mp4, -1, -1, 3.06
6948249567.mp4, -1, -1, 3.1
8092884510.mp4, -1, -1, 2.42
6408210773.mp4, -1, -1, 2.92
5737374844.mp4, -1, -1, 3.0
9525693928.mp4, -1, -1, 3.86
5118641893.mp4, -1, -1, 2.76
6004183559.mp4, -1, -1, 3.38
9675032717.mp4, -1, -1, 3.26
5819852885.mp4, -1, -1, 2.16
5031142078.mp4, -1, -1, 2.2
3744752110.mp4, -1, -1, 2.48
8396734122.mp4, -1, -1, 2.84
8088901520.mp4, -1, -1, 3.68
5688399126.mp4, -1, -1, 3.78
8433382995.mp4, -1, -1, 2.22
3863745355.mp4, -1, -1, 4.02
6329730783.mp4, -1, -1, 2.28
6625655725.mp4, -1, -1, 3.62
8455309721.mp4, -1, -1, 3.42
6716265511.mp4, -1, -1, 3.54
5769119862.mp4, -1, -1, 3.36
6792594754.mp4, -1, -1, 3.4
5176278265.mp4, -1, -1, 3.12
8554748075.mp4, -1, -1, 2.089068826
10838718774.mp4, -1, -1, 3.04
4842303128.mp4, -1, -1, 3.22
11383768246.mp4, -1, -1, 3.92
6787309364.mp4, -1, -1, 4.16
8278672659.mp4, -1, -1, 2.18
12788630734.mp4, -1, -1, 3.26
9633125766.mp4, -1, -1, 3.42
10403478556.mp4, -1, -1, 3.68
6092433561.mp4, -1, -1, 2.86
3546788918.mp4, -1, -1, 3.64
8182593817.mp4, -1, -1, 2.8
8587927758.mp4, -1, -1, 2.14
5222599467.mp4, -1, -1, 2.6
7012065923.mp4, -1, -1, 3.48
7208119980.mp4, -1, -1, 2.93385214
5583994811.mp4, -1, -1, 3.529166667
5014400375.mp4, -1, -1, 2.28
11082897705.mp4, -1, -1, 3.3
5012335397.mp4, -1, -1, 2.74
11803329033.mp4, -1, -1, 3.56
4773686738.mp4, -1, -1, 2.32
8252040986.mp4, -1, -1, 3.68
12859019173.mp4, -1, -1, 3.72
12186470506.mp4, -1, -1, 2.9
5130906896.mp4, -1, -1, 3.38
4870064087.mp4, -1, -1, 2.96
9814654176.mp4, -1, -1, 1.94
8254380270.mp4, -1, -1, 3.16
8479579728.mp4, -1, -1, 2.28
4206970561.mp4, -1, -1, 2.26
5460445525.mp4, -1, -1, 2.04
3718963712.mp4, -1, -1, 3.66
9060241382.mp4, -1, -1, 4.04
5379210063.mp4, -1, -1, 2.84
12989512873.mp4, -1, -1, 3.24
3887621073.mp4, -1, -1, 1.58
9583034514.mp4, -1, -1, 3.88
4573314147.mp4, -1, -1, 2.56
8148981356.mp4, -1, -1, 3.16
6320892865.mp4, -1, -1, 2.84
5067647428.mp4, -1, -1, 3.6
4675931801.mp4, -1, -1, 4.16
5845660280.mp4, -1, -1, 3.5
8129160337.mp4, -1, -1, 3.12
5902098420.mp4, -1, -1, 3.4
6373417661.mp4, -1, -1, 3.72
8215074237.mp4, -1, -1, 2.7
8286421427.mp4, -1, -1, 4.14
9766188655.mp4, -1, -1, 3.06
6268574586.mp4, -1, -1, 1.8
7005111650.mp4, -1, -1, 2.72
7341359052.mp4, -1, -1, 3.16
6223028206.mp4, -1, -1, 1.68
6281135899.mp4, -1, -1, 3.0
5392736832.mp4, -1, -1, 2.42
13079468475.mp4, -1, -1, 3.68
8281880253.mp4, -1, -1, 2.4
11913590004.mp4, -1, -1, 2.96
4987165854.mp4, -1, -1, 3.24
8144762018.mp4, -1, -1, 2.1
11086166076.mp4, -1, -1, 3.28
13291575674.mp4, -1, -1, 2.66
5311187352.mp4, -1, -1, 2.88
5003956763.mp4, -1, -1, 3.598455598
11618284403.mp4, -1, -1, 4.12
5318369391.mp4, -1, -1, 3.3
8886176135.mp4, -1, -1, 3.56
3339387387.mp4, -1, -1, 2.42
12823937005.mp4, -1, -1, 3.4
5322533709.mp4, -1, -1, 2.76
8921577578.mp4, -1, -1, 3.48
8842319020.mp4, -1, -1, 2.86
8995404511.mp4, -1, -1, 3.798245614
8319369964.mp4, -1, -1, 2.64
4677538291.mp4, -1, -1, 1.96
12465909365.mp4, -1, -1, 3.88
4751595925.mp4, -1, -1, 3.48
6981897920.mp4, -1, -1, 3.3
7066660513.mp4, -1, -1, 3.8
6059351914.mp4, -1, -1, 2.24
10716218856.mp4, -1, -1, 2.06
7495449440.mp4, -1, -1, 1.92
6208528782.mp4, -1, -1, 2.66
11688667226.mp4, -1, -1, 1.94
